#   1 NUMBER                 Running object number                                     
#   2 FLUX_APER              Flux vector within fixed circular aperture(s)              [count]
#   3 FLUXERR_APER           RMS error vector for aperture flux(es)                     [count]
#   4 MAG_APER               Fixed aperture magnitude vector                            [mag]
#   5 MAGERR_APER            RMS error vector for fixed aperture mag.                   [mag]
#   6 X_IMAGE                Object position along x                                    [pixel]
#   7 Y_IMAGE                Object position along y                                    [pixel]
         1     13.91203     3.763824  -2.8585   0.2938   1628.6232      5.7086
         2     7.103978     2.730544  -2.1288   0.4174   1224.6338     14.5996
         3     11.77986     3.485729  -2.6779   0.3214   1039.3434     71.1943
         4     29.10585     5.429205  -3.6600   0.2026   1237.8229    177.4749
         5     11.58058      3.45702  -2.6593   0.3242    825.7539    181.6832
         6     17.37479     4.212515  -3.0998   0.2633    643.2319    240.1548
         7     6.560487     2.632671  -2.0423   0.4358   2322.2659    395.5848
         8      34.4395     5.899998  -3.8426   0.1860   3175.0256    731.2650
         9     5.956876     2.515394  -1.9375   0.4586   1523.3688    708.3027
        10     8.638613     3.001503  -2.3411   0.3773    747.7606    715.9421
        11     32.02922     5.692071  -3.7639   0.1930   1096.8510    780.6082
        12     44.29011     6.682858  -4.1158   0.1639    967.6158    841.5163
        13     11.62982     3.464148  -2.6639   0.3235    354.9536    884.7537
        14     9.398028     3.125437  -2.4326   0.3612   1132.7587    872.0973
        15     11.96917     3.512744  -2.6952   0.3187    360.9199    888.1099
        16     19.66689     4.476315  -3.2343   0.2472     70.4672    908.9764
        17     42.28909     6.531419  -4.0656   0.1677    702.1171    950.3610
        18     57.54081     7.609948  -4.3999   0.1436    573.2310   1010.7343
        19     54.44518     7.403745  -4.3399   0.1477   2097.0776   1055.8787
        20     7.861867     2.869196  -2.2388   0.3963    770.5508   1074.3308
        21     100.6652     10.05165  -5.0072   0.1084   1703.6212   1225.9479
        22     29.69953     5.483602  -3.6819   0.2005    881.4014   1214.5510
        23     11.64669     3.466567  -2.6655   0.3232    378.0172   1248.9033
        24     10.13116     3.240588  -2.5141   0.3474    371.9204   1249.3236
        25     81.49542     9.047966  -4.7778   0.1206    843.9037   1381.5414
        26     42.04582     6.512775  -4.0593   0.1682    485.6110   1384.0229
        27     6.988069     2.712605  -2.1109   0.4216   2733.8936   1386.4882
        28     5.882128     2.500516  -1.9238   0.4617   2535.0027   1804.9844
        29     13.73841     3.741114  -2.8448   0.2957   1335.4774   2431.0469
        30     8.852241     3.036874  -2.3676   0.3726   1475.9968   2417.8318
        31     22.85822     4.819615  -3.3976   0.2290   2737.5571   2118.9385
        32     12.22573     3.549108  -2.7182   0.3153   1710.2400   2075.4067
        33     28.91829     5.411908  -3.6529   0.2032    313.5812   1855.8617
        34     17.89902     4.274284  -3.1321   0.2593   2364.1670   1831.6462
        35     10.59175     3.310935  -2.5624   0.3395   1764.7599   1476.8334
        36     14.58998     3.867877  -2.9101   0.2879   2335.2085   1559.7991
        37     9.733429     3.178672  -2.4707   0.3547   2758.8459   1660.9636
        38      113.107     10.65258  -5.1337   0.1023    448.8078   1550.5890
        39     57.22218     7.588985  -4.3939   0.1440   2016.6244   1638.2490
        40     5.735596     2.471039  -1.8964   0.4679    185.3031   2312.2131
        41     101.9447      10.1151  -5.0209   0.1078   1622.5504   1808.3813
        42      6.35206     2.592796  -2.0073   0.4433   2103.2366   1903.9692
        43     13.59424     3.736901  -2.8334   0.2985   2139.9517   1975.3014
        44     8.728657     3.016481  -2.3524   0.3753   3134.3438   1945.3719
        45     8.175961     2.923406  -2.2813   0.3883   1639.9283   2259.0664
