    5   8995.39     183.89
    6  13145.25     220.94
    7  17672.25     257.50
    8  22182.28     292.40
    9  26594.94     326.97
   10  31116.30     360.34
   11  36089.27     394.92
   12  40453.82     427.40
   13  44924.38     460.62
   14  49722.14     493.87
   15  53975.36     526.04
   16  58356.67     558.54
   17  62099.29     590.34
   18  65293.92     621.34
   19  68620.92     653.39
   20  71450.09     683.47
   21  74516.12     715.49
   22  77211.23     745.65
   23  79791.52     777.38
   24  82190.86     807.58
   25  84470.29     839.02
   26  86556.97     869.36
   27  88369.42     900.51
   28  90232.03     930.81
   29  92398.66     962.36
   30  94392.32     992.62
   31  96248.50    1024.19
   32  97962.03    1054.43
   33  99382.77    1085.62
   34 100542.50    1115.94
   35 101690.90    1146.79
   36 103040.00    1177.63
   37 104196.10    1208.39
   38 105064.00    1239.21
   39 105953.50    1269.90
   40 106818.60    1300.66
   41 107472.40    1331.44
   42 108523.60    1362.08
   43 109947.30    1393.51
   44 111214.70    1424.21
   45 112435.40    1455.54
   46 113537.80    1486.24
   47 114956.60    1517.80
   48 116463.10    1548.67
   49 117193.70    1579.81
   50 117690.40    1610.48
   51 118498.60    1641.79
   52 119371.90    1672.33
   53 120518.50    1704.16
   54 121608.20    1734.47
   55 122369.80    1766.25
   56 122747.30    1796.64
   57 123559.40    1828.24
   58 124367.20    1859.09
   59 125311.30    1890.44
   60 126679.30    1921.59
   61 128069.40    1952.98
   62 129343.30    1984.09
   63 130657.50    2015.60
   64 132151.10    2046.63
   65 133843.20    2078.30
   66 135110.90    2109.30
   67 136351.80    2140.77
   68 137443.80    2171.97
   69 138149.10    2203.23
   70 139002.80    2234.53
   71 140102.90    2265.71
   72 141232.90    2297.01
   73 142046.10    2328.31
   74 142990.20    2359.33
   75 144581.70    2391.18
   76 146658.50    2422.19
   77 148496.40    2454.12
   78 149540.70    2485.02
   79 150707.50    2516.74
