#The columns are: Time, Mag, Magerr.
      49.833333      10.749129       0.013672
     143.000000      10.702801       0.008085
     218.000000      10.698518       0.011541
     292.500000      10.706407       0.013624
     386.000000      10.727401       0.009137
     489.666667      10.727073       0.013747
     568.666667      10.746912       0.006463
     653.833333      10.750901       0.013806
     728.500000      10.786423       0.006840
     811.500000      10.761268       0.011147
     902.666667      10.819962       0.014828
    1320.000000      10.710518       0.011024
    1395.000000      10.701634       0.009647
    1469.666667      10.716473       0.008152
    1544.500000      10.747774       0.012271
    1619.000000      10.714196       0.012251
    1702.166667      10.718223       0.013806
    1781.000000      10.736923       0.004684
    1857.833333      10.717912       0.003573
    1953.500000      10.704918       0.007087
    2030.000000      10.729624       0.011778
    2105.000000      10.700929       0.014364
    2179.500000      10.737007       0.013474
    2254.166667      10.749296       0.010500
    2341.500000      10.778473       0.004170
    2425.500000      10.788840       0.008281
    2508.666667      10.748351       0.011512
    2600.000000      10.757379       0.009567
    2689.166667      10.740351       0.015650
    2774.500000      10.787701       0.014799
    2860.666667      10.820812       0.015152
    2993.333333      10.870668       0.015229
    3281.000000      10.774135       0.029147
    3388.166667      10.712201       0.011300
    3489.666667      10.720796       0.010834
    3570.500000      10.708068       0.009581
    3645.333333      10.716946       0.011535
    3720.000000      10.720729       0.011001
    3794.666667      10.735557       0.011870
    3875.500000      10.734896       0.011657
    3956.500000      10.772351       0.004604
    4031.166667      10.738512       0.009214
    4322.666667      10.750540       0.013087
    4622.166667      10.699262       0.008255
    4697.000000      10.717635       0.011095
    4771.666667      10.732768       0.010090
    4856.833333      10.727351       0.005602
    4933.500000      10.728507       0.013793
    5008.333333      10.713135       0.010109
    5751.500000      10.724595       0.007893
    5836.500000      10.698545       0.010637
    5913.500000      10.746190       0.012165
    5988.000000      10.714035       0.006422
    6075.333333      10.731201       0.013251
    6150.000000      10.719418       0.006028
    6224.666667      10.688007       0.016860
    6299.500000      10.727857       0.005006
    6374.000000      10.706479       0.013843
    6449.000000      10.694768       0.013985
    6523.500000      10.723596       0.018884
    6598.333333      10.707079       0.011015
    6673.000000      10.722107       0.013168
    6748.000000      10.730862       0.010493
    6824.500000      10.702340       0.019135
    6899.166667      10.688690       0.006720
    6974.000000      10.725034       0.017923
    7053.000000      10.682596       0.013477
    7140.000000      10.688557       0.010713
    7217.000000      10.713146       0.010092
    7291.500000      10.710851       0.008390
    7366.166667      10.723440       0.019562
    7441.000000      10.717379       0.007067
    7523.833333      10.716334       0.011971
    7615.166667      10.738579       0.011316
    7714.833333      10.711451       0.011772
    7877.833333      10.705829       0.004054
    7965.166667      10.702579       0.012114
    8040.000000      10.718512       0.009130
    8114.666667      10.731485       0.012255
    8189.333333      10.724523       0.003053
    8264.000000      10.695434       0.012087
    8338.833333      10.694140       0.006162
    8413.500000      10.669323       0.016346
    8488.000000      10.689918       0.007105
    8563.000000      10.704795       0.012052
    8637.500000      10.733234       0.014782
    8712.166667      10.674962       0.003993
    8797.500000      10.698001       0.009339
    8874.166667      10.693968       0.009119
    8949.000000      10.731612       0.011040
    9030.000000      10.697029       0.007437
    9113.166667      10.734379       0.009258
    9198.000000      10.694207       0.009638
    9273.000000      10.708057       0.019090
    9347.666667      10.722356       0.011834
    9422.500000      10.740946       0.017330
