0       -0.215890       -0.218450       -0.165210       -0.264010
25       -0.070223       -0.092850       -0.050910       -0.066910
37       -0.013423       -0.017650       -0.007710       -0.014910
50       -0.028623       -0.058650        0.000190       -0.027410
87        0.023677        0.055650        0.011390        0.003990
100        0.046610        0.062150        0.004390        0.073290
112        0.094843        0.121650        0.015090        0.147790
124        0.072077        0.042050        0.082590        0.091590
137        0.045243        0.045850        0.041890        0.047990
149        0.045710        0.060250        0.068290        0.008590
162        0.060410        0.074350        0.058990        0.047890
174        0.070910        0.101450        0.033290        0.077990
187        0.063110        0.104950       -0.004210        0.088590
199        0.066210        0.097950        0.021390        0.079290
212        0.080610        0.107650       -0.002010        0.136190
224        0.026077        0.062950        0.000390        0.014890
237        0.069477        0.081950        0.063990        0.062490
249        0.117510        0.105950        0.123690        0.122890
261        0.126843        0.146750        0.103490        0.130290
274        0.087777        0.112550        0.043590        0.107190
286        0.079843        0.107050        0.041690        0.090790
299        0.102210        0.098950        0.056390        0.151290
311        0.115477        0.153050        0.042190        0.151190
324        0.092410        0.119350        0.037890        0.119990
336        0.055710        0.057150       -0.007610        0.117590
349        0.082677        0.103150        0.011190        0.133690
361        0.068310        0.138850       -0.023710        0.089790
411        0.143643        0.152050        0.074390        0.204490
423        0.117877        0.104650        0.079890        0.169090
436        0.159277        0.141750        0.137490        0.198590
448        0.117543        0.175550        0.074390        0.102690
473        0.144377        0.085350        0.140890        0.206890
486        0.166577        0.157550        0.151190        0.190990
498        0.179177        0.146250        0.152590        0.238690
510        0.174943        0.215150        0.147790        0.161890
523        0.144643        0.113050        0.120290        0.200590
536        0.224743        0.195650        0.160790        0.317790
548        0.187177        0.162550        0.133990        0.264990
560        0.146343        0.136150        0.044390        0.258490
573        0.203943        0.219050        0.159990        0.232790
585        0.233843        0.238050        0.202590        0.260890
610        0.196877        0.219850        0.162990        0.207790
623        0.247843        0.244650        0.215090        0.283790
635        0.187010        0.220650        0.148090        0.192290
648        0.199610        0.177750        0.183990        0.237090
660        0.212443        0.216450        0.184190        0.236690
672        0.228277        0.230550        0.174790        0.279490
685        0.226610        0.251550        0.159690        0.268590
697        0.174943        0.211250        0.114590        0.198990
710        0.166577        0.165050        0.171190        0.163490
722        0.211577        0.214050        0.152290        0.268390
735        0.213810        0.249050        0.165590        0.226790
747        0.201477        0.242550        0.150590        0.211290
760        0.201477        0.201750        0.158590        0.244090
772        0.275043        0.295050        0.270890        0.259190
785        0.255843        0.180550        0.232290        0.354690
809        0.309510        0.285950        0.303090        0.339490
822        0.322977        0.341150        0.284690        0.343090
834        0.261210        0.266350        0.251690        0.265590
847        0.305710        0.330750        0.233690        0.352690
859        0.284010        0.318550        0.263490        0.269990
872        0.216410        0.178050        0.178890        0.292290
884        0.217677        0.246950        0.157490        0.248590
921        0.279710        0.287450        0.274690        0.276990
934        0.328710        0.345850        0.312790        0.327490
946        0.289910        0.274650        0.255890        0.339190
1289       -0.080657       -0.090750       -0.096110       -0.055110
1301       -0.064090       -0.065350       -0.097710       -0.029210
1314       -0.022757       -0.020050       -0.078710        0.030490
1326       -0.034890       -0.018250       -0.111410        0.024990
1339       -0.050523       -0.051550       -0.100810        0.000790
1351        0.009910        0.034850       -0.028710        0.023590
1364       -0.018990       -0.009550       -0.034310       -0.013110
1376       -0.004723       -0.001150       -0.074410        0.061390
1389        0.026610        0.019250       -0.047010        0.107590
1401       -0.002590        0.029750       -0.043010        0.005490
1414        0.014010        0.018350       -0.025410        0.049090
1426        0.017577        0.023950       -0.014910        0.043690
1439        0.019443        0.030250       -0.033810        0.061890
1451        0.023410        0.009450       -0.016510        0.077290
1463        0.025777        0.001550        0.001790        0.073990
1476       -0.020423       -0.052350       -0.044610        0.035690
1488        0.021610       -0.052850        0.009890        0.107790
1501        0.015143        0.017750       -0.020610        0.048290
1513        0.030443        0.030050        0.008190        0.053090
1526        0.007743        0.036150       -0.046310        0.033390
1538        0.013410        0.055350       -0.067110        0.051990
1551        0.037077        0.003550        0.050590        0.057090
1563        0.022743        0.010850       -0.004410        0.061790
1576        0.055743        0.064950        0.025990        0.076290
1588        0.042110        0.039150        0.062690        0.024490
1600        0.044877        0.029050        0.019290        0.086290
1613        0.083543        0.124450        0.054290        0.071890
1625        0.041177        0.054150       -0.020210        0.089590
1638        0.029410       -0.013750        0.008490        0.093490
1650        0.023310        0.036750       -0.020510        0.053690
1663        0.058510        0.092350        0.006490        0.076690
1675        0.038710        0.070350        0.035590        0.010190
1700        0.034710        0.017350        0.003390        0.083390
1713        0.023877        0.011250       -0.011410        0.071790
1725        0.034443        0.029950        0.006890        0.066490
1737        0.024710        0.025250       -0.015710        0.064590
1750        0.021777       -0.017450        0.006690        0.076090
1762        0.054743        0.086150       -0.019910        0.097990
1775        0.062843        0.092850        0.014190        0.081490
1787        0.054177        0.085450        0.042490        0.034590
1800        0.071377        0.038150        0.036490        0.139490
1812        0.036543        0.016950        0.028890        0.063790
1825        0.065243        0.070750        0.052790        0.072190
1837        0.067043        0.081050        0.036790        0.083290
1850        0.066543        0.082450       -0.002410        0.119590
1862        0.068477        0.049450        0.050990        0.104990
1874        0.092710        0.114050        0.054590        0.109490
1899        0.076710        0.074050        0.045590        0.110490
1912        0.106010        0.096350        0.070490        0.151190
1937        0.078143        0.050550        0.041990        0.141890
1949        0.102643        0.081250        0.073390        0.153290
1962        0.124843        0.111950        0.062790        0.199790
1974        0.102243        0.083150        0.045290        0.178290
1987        0.111610        0.122150        0.081190        0.131490
1999        0.137210        0.130650        0.107290        0.173690
2011        0.095443        0.103150        0.075390        0.107790
2024        0.127643        0.108650        0.127390        0.146890
2036        0.124643        0.084650        0.149990        0.139290
2049        0.106110        0.092850        0.098290        0.127190
2061        0.131210        0.107050        0.127590        0.158990
2074        0.127477        0.088950        0.157890        0.135590
2086        0.138177        0.136850        0.082690        0.194990
2099        0.096377        0.118350        0.057190        0.113590
2111        0.096310        0.127050        0.054390        0.107490
2124        0.148210        0.185150        0.086390        0.173090
2136        0.124777        0.123550        0.078590        0.172190
2148        0.135143        0.157350        0.052490        0.195590
2161        0.109343        0.133150        0.039590        0.155290
2173        0.106577        0.119350        0.104490        0.095890
2186        0.137743        0.115050        0.127290        0.170890
2198        0.122477        0.152950        0.092590        0.121890
2211        0.166377        0.220050        0.128390        0.150690
2223        0.117343        0.164350        0.042090        0.145590
2236        0.133710        0.171950        0.109190        0.119990
2248        0.149577        0.149250        0.134690        0.164790
2260        0.154943        0.163450        0.109590        0.191790
2273        0.123010        0.173650        0.133790        0.061590
2285        0.127743        0.160050        0.103890        0.119290
2310        0.154177        0.164350        0.142790        0.155390
2323        0.117377        0.125250        0.118690        0.108190
2335        0.150543        0.170450        0.152390        0.128790
2348        0.140143        0.115350        0.148190        0.156890
2360        0.175310        0.192050        0.168690        0.165190
2373        0.160610        0.164650        0.159790        0.157390
2392        0.142210        0.162650        0.118590        0.145390
2406        0.133577        0.149050        0.084390        0.167290
2419        0.171210        0.158050        0.122390        0.233190
2431        0.153210        0.145750        0.116490        0.197390
2446        0.198743        0.196850        0.162290        0.237090
2459        0.186110        0.135650        0.167390        0.255290
2471        0.166543        0.136850        0.189090        0.173690
2484        0.154110        0.146550        0.136490        0.179290
2496        0.163543        0.176250        0.131890        0.182490
2521        0.201510        0.188450        0.193590        0.222490
2534        0.198410        0.173950        0.165990        0.255290
2546        0.208977        0.207550        0.255790        0.163590
2559        0.176243        0.172650        0.166790        0.189290
2583        0.209877        0.212650        0.178490        0.238490
2596        0.216810        0.229250        0.222890        0.198290
2608        0.213443        0.213250        0.233290        0.193790
2621        0.173977        0.162350        0.174090        0.185490
2633        0.181377        0.177150        0.190590        0.176390
2658        0.220843        0.191750        0.199190        0.271590
2671        0.217310        0.173050        0.165590        0.313290
2683        0.230877        0.214450        0.226790        0.251390
2695        0.280977        0.280650        0.236290        0.325990
2708        0.236310        0.220050        0.201890        0.286990
2720        0.252577        0.260850        0.250590        0.246290
2733        0.263343        0.228250        0.281890        0.279890
2758        0.242743        0.300050        0.195790        0.232390
2770        0.210910        0.233950        0.161490        0.237290
2783        0.264143        0.276850        0.211790        0.303790
2795        0.270210        0.350250        0.184990        0.275390
2808        0.284443        0.261150        0.273390        0.318790
2821        0.294343        0.217150        0.330790        0.335090
2834        0.260210        0.220150        0.256090        0.304390
2846        0.266077        0.288350        0.247190        0.262690
2871        0.261943        0.216750        0.314690        0.254390
2884        0.260943        0.231750        0.266190        0.284890
2908        0.312010        0.334850        0.313490        0.287690
2922        0.306443        0.340950        0.256690        0.321690
2934        0.269177        0.260450        0.208390        0.338690
2959        0.310610        0.260350        0.282490        0.388990
2971        0.294843        0.171850        0.323290        0.389390
3077        0.294010        0.165950        0.340790        0.375290
3097        0.303710        0.264750        0.250290        0.396090
3110        0.308043        0.207450        0.265990        0.450690
3290        0.044210        0.029750        0.021890        0.080990
3303        0.090443        0.059650        0.098990        0.112690
3315        0.106710        0.055650        0.128090        0.136390
3328        0.138077        0.101650        0.147890        0.164690
3340        0.166410        0.126150        0.152690        0.220390
3353       -0.014123        0.007150       -0.044010       -0.005510
3365        0.008043        0.035650       -0.029810        0.018290
3378        0.003977        0.003550       -0.028610        0.036990
3390        0.023010       -0.004250       -0.005810        0.079090
3403       -0.006523       -0.069650       -0.008410        0.058490
3440       -0.005290       -0.003950       -0.054410        0.042490
3452       -0.015557        0.038150       -0.085210        0.000390
3465       -0.011023       -0.011750       -0.025710        0.004390
3477       -0.003857       -0.047250       -0.026910        0.062590
3502        0.001343       -0.008350       -0.045410        0.057790
3515       -0.000990       -0.016050       -0.038710        0.051790
3527        0.032710        0.019350        0.023390        0.055390
3539        0.023543        0.014450       -0.029110        0.085290
3552        0.039710        0.020850        0.015590        0.082690
3564        0.009543       -0.030850        0.016890        0.042590
3577        0.021577        0.032850        0.020190        0.011690
3589        0.034210        0.077550       -0.017010        0.042090
3602        0.027110        0.013050        0.014290        0.053990
3614        0.022610        0.001550       -0.036810        0.103090
3627       -0.000523        0.003750       -0.033510        0.028190
3639       -0.000657       -0.017550       -0.022610        0.038190
3652        0.060410        0.086250        0.022990        0.071990
3664        0.027977        0.021750        0.015990        0.046190
3676        0.038910        0.013650       -0.007510        0.110590
3689        0.054343        0.023150       -0.007210        0.147090
3701        0.066710        0.070150        0.065190        0.064790
3714        0.044677        0.050150        0.026690        0.057190
3726        0.016577        0.022150        0.013490        0.014090
3739        0.068443        0.063550        0.042490        0.099290
3751        0.056377        0.072950        0.020390        0.075790
3764        0.037710        0.021750        0.023590        0.067790
3776        0.023810       -0.006150        0.033390        0.044190
3788        0.095177        0.097650        0.052990        0.134890
3801        0.067677        0.101550        0.064390        0.037090
3813        0.079210        0.035150        0.082990        0.119490
3826        0.078777        0.069750        0.094190        0.072390
3838        0.119677        0.095950        0.133090        0.129990
3851        0.091877        0.093150        0.037890        0.144590
3863        0.083843        0.043250        0.033690        0.174590
3888        0.118443        0.130150        0.058690        0.166490
3900        0.094910        0.084350        0.046490        0.153890
3913        0.135377        0.185950        0.072590        0.147590
3925        0.119177        0.102450        0.077790        0.177290
3938        0.125910        0.132150        0.057390        0.188190
3950        0.107343        0.123950        0.037490        0.160590
3963        0.130610        0.079750        0.105390        0.206690
3975        0.130777        0.121350        0.088490        0.182490
3988        0.122777        0.116650        0.131690        0.119990
4000        0.126777        0.096050        0.106490        0.177790
4013        0.142410        0.132850        0.120290        0.174090
4025        0.156777        0.127750        0.119090        0.223490
4037        0.169377        0.141850        0.113790        0.252490
4050        0.167743        0.191750        0.118790        0.192690
4062        0.159043        0.118050        0.116890        0.242190
4075        0.199877        0.161650        0.179090        0.258890
4087        0.147710        0.108550        0.153590        0.180990
4100        0.176410        0.145550        0.170890        0.212790
4541       -0.082090       -0.077550       -0.103010       -0.065710
4554       -0.068190       -0.066550       -0.088810       -0.049210
4579       -0.033157       -0.051950       -0.075310        0.027790
4591       -0.040123       -0.024350       -0.083310       -0.012710
4604       -0.031757       -0.025850       -0.057010       -0.012410
4616       -0.017390        0.007850       -0.058510       -0.001510
4628       -0.017123       -0.037450       -0.047210        0.033290
4641       -0.005390       -0.022550       -0.018510        0.024890
4653       -0.015090       -0.028550       -0.035910        0.019190
4666       -0.005957        0.015650       -0.064310        0.030790
4678       -0.025657       -0.040850       -0.038110        0.001990
4691        0.006510        0.025950       -0.047910        0.041490
4703       -0.013157       -0.026050       -0.041710        0.028290
4716       -0.005223       -0.039150       -0.010610        0.034090
4728        0.019877       -0.017850       -0.005110        0.082590
4741        0.025443        0.038550        0.008490        0.029290
4753        0.015977       -0.001150       -0.028110        0.077190
4765       -0.000490       -0.011550       -0.031910        0.041990
4778        0.002143        0.025350       -0.065310        0.046390
4790        0.006443        0.009550       -0.039010        0.048790
4803        0.013777        0.007750        0.002590        0.030990
4815        0.027210        0.028750        0.009190        0.043690
4840        0.002877        0.026650       -0.051210        0.033190
4853        0.012810        0.054050       -0.005210       -0.010410
4865        0.025610        0.043750       -0.022110        0.055190
4878        0.016910       -0.010550        0.005390        0.055890
4890        0.025677        0.041650       -0.007310        0.042690
4902       -0.002123        0.008950       -0.029010        0.013690
4915        0.034277        0.039850       -0.020010        0.082990
4927        0.008510       -0.012350       -0.028610        0.066490
4940       -0.059390       -0.055550       -0.041210       -0.081410
4952       -0.021557       -0.023750       -0.068310        0.027390
4965        0.017443        0.041850       -0.062210        0.072690
4977        0.011410        0.024350       -0.050710        0.060590
4990        0.014177        0.027250       -0.041210        0.056490
5002        0.010843        0.046250       -0.043210        0.029490
5015        0.026310        0.050050       -0.016910        0.045790
5027        0.026610        0.073150       -0.033910        0.040590
5039        0.038943        0.051950       -0.022810        0.087690
5720       -0.123023       -0.127050       -0.133310       -0.108710
5733       -0.113490       -0.091850       -0.132510       -0.116110
5745       -0.055223       -0.043450       -0.067210       -0.055010
5758       -0.052090       -0.017950       -0.100910       -0.037410
5770       -0.019990        0.009650       -0.089210        0.019590
5783       -0.025657        0.010550       -0.055310       -0.032210
5795       -0.008623       -0.031550       -0.043510        0.049190
5820       -0.015990        0.004050       -0.053210        0.001190
5832       -0.031590       -0.013350       -0.071910       -0.009510
5845       -0.020623       -0.011850       -0.065710        0.015690
5857       -0.042123       -0.032450       -0.044710       -0.049210
5870       -0.012323        0.038450       -0.046810       -0.028610
5882       -0.060790       -0.032350       -0.058310       -0.091710
5895       -0.022990       -0.026050       -0.065610        0.022690
5907       -0.017223        0.000450       -0.020410       -0.031710
5920       -0.050257       -0.012850       -0.066210       -0.071710
5932       -0.030590        0.024550       -0.056110       -0.060210
5945       -0.045690        0.037550       -0.122410       -0.052210
5957       -0.008457       -0.012350       -0.038810        0.025790
5969       -0.018457       -0.006150       -0.071610        0.022390
5982       -0.010657        0.035150       -0.045210       -0.021910
5994       -0.006757        0.051650       -0.091110        0.019190
6007        0.004043        0.046350       -0.050010        0.015790
6019       -0.016223        0.001650       -0.043410       -0.006910
6044       -0.006457       -0.020050       -0.039010        0.039690
6057       -0.039423       -0.043050       -0.066510       -0.008710
6069       -0.022390        0.024350       -0.077810       -0.013710
6082        0.001077        0.063750       -0.025210       -0.035310
6094       -0.019923       -0.003750       -0.010910       -0.045110
6106       -0.016190        0.025050       -0.031310       -0.042310
6119       -0.010223       -0.013350       -0.025110        0.007790
6131       -0.014923       -0.022450       -0.026310        0.003990
6144       -0.015990        0.017550       -0.025510       -0.040010
6156        0.002743       -0.025950       -0.013110        0.047290
6169       -0.005123        0.013450       -0.041510        0.012690
6181       -0.007590        0.040050       -0.060110       -0.002710
6194        0.017577        0.014650       -0.008910        0.046990
6206        0.037043        0.071250        0.018690        0.021190
6218        0.037377        0.081650       -0.009410        0.039890
6231        0.031910        0.088850       -0.012710        0.019590
6243        0.048243        0.047250        0.025690        0.071790
6256       -0.003490       -0.029850       -0.035610        0.054990
6268        0.023743        0.016350        0.032690        0.022190
6281        0.021243        0.098150       -0.019710       -0.014710
6293        0.029277        0.045150        0.042090        0.000590
6306        0.051210        0.081650        0.017790        0.054190
6318        0.010510        0.007550        0.022390        0.001590
6331        0.027877        0.035350        0.014890        0.033390
6343        0.037810        0.037350        0.060490        0.015590
6355        0.004410       -0.015050        0.031590       -0.003310
6368        0.021010        0.025050        0.017690        0.020290
6380        0.017010        0.008750       -0.023310        0.065590
6393       -0.003223        0.011050       -0.007910       -0.012810
6405        0.000610        0.025950       -0.053610        0.029490
6418        0.030810        0.000050       -0.019210        0.111590
6430        0.036577        0.041850        0.028190        0.039690
6443        0.027443        0.031750        0.005890        0.044690
6455        0.012177        0.013850        0.028290       -0.005610
6468        0.052610        0.043150        0.025690        0.088990
6480        0.070977        0.079950        0.009690        0.123290
6492        0.041043        0.018850        0.000190        0.104090
6505        0.036210        0.060350       -0.010510        0.058790
6517        0.032943        0.109350        0.003090       -0.013610
6530        0.049477        0.048150        0.023690        0.076590
6542        0.066543        0.116550       -0.002010        0.085090
6555        0.035610        0.026650       -0.008710        0.088890
6567        0.032043        0.041550       -0.018010        0.072590
6580        0.084543        0.103550       -0.009510        0.159590
6592        0.044210        0.075950        0.001290        0.055390
6605        0.077643        0.092150        0.045190        0.095590
6617        0.091043        0.107050        0.061490        0.104590
6629        0.045343        0.060850       -0.021410        0.096590
6642        0.077477        0.068450        0.034590        0.129390
6654        0.086043        0.117950        0.085690        0.054490
6667        0.073910        0.106050        0.042990        0.072690
6679        0.048510        0.057450        0.025690        0.062390
6692        0.055043        0.074250        0.070890        0.019990
6704        0.073977        0.043150        0.073390        0.105390
6717        0.052577        0.062750        0.015190        0.079790
6729        0.050443        0.090550        0.018890        0.041890
6742        0.109577        0.157450        0.053990        0.117290
6754        0.077877        0.082550        0.079190        0.071890
6767        0.094177        0.120050        0.007190        0.155290
6779        0.051377        0.084950        0.016090        0.053090
6793        0.047043        0.062950        0.012190        0.065990
6806        0.055577        0.084650        0.020290        0.061790
6818        0.091310        0.147950        0.059490        0.066490
6831        0.093077        0.140850        0.052190        0.086190
6843        0.100477        0.123250        0.050190        0.127990
6856        0.129977        0.136750        0.073890        0.179290
6868        0.090777        0.110450        0.039890        0.121990
6881        0.118977        0.161550        0.093790        0.101590
6893        0.068677        0.072950        0.066090        0.066990
6905        0.077643        0.068350        0.050590        0.113990
6918        0.057277        0.070350        0.042690        0.058790
6930        0.105010        0.144550        0.105790        0.064690
6943        0.105043        0.125850        0.096790        0.092490
6955        0.103377        0.096350        0.145590        0.068190
6968        0.128977        0.105950        0.127990        0.152990
6980        0.129410        0.114450        0.121490        0.152290
6993        0.097043        0.092450        0.087290        0.111390
7005        0.118143        0.151550        0.090790        0.112090
7018        0.092010        0.108850        0.054190        0.112990
7030        0.115177        0.104250        0.073790        0.167490
7049        0.057443        0.015950        0.054590        0.101790
7061        0.085343        0.100850        0.035490        0.119690
7074        0.116443        0.107550        0.040790        0.200990
7086        0.103010        0.098850        0.065690        0.144490
7099        0.087943        0.081150        0.050890        0.131790
7123        0.097310        0.088950        0.106490        0.096490
7136        0.081743        0.122850        0.022790        0.099590
7148        0.108277        0.156850        0.068090        0.099890
7161        0.103243        0.123750        0.051990        0.133990
7173        0.109743        0.106350        0.078490        0.144390
7186        0.098977        0.096250        0.077990        0.122690
7198        0.077977        0.082450        0.029490        0.121990
7211        0.077943        0.086950        0.080990        0.065890
7223        0.091410        0.130650        0.039090        0.104490
7236        0.094543        0.081250        0.035890        0.166490
7248        0.110377        0.182250        0.033290        0.115590
7260        0.126643        0.149150        0.100290        0.130490
7273        0.094743        0.118850        0.039690        0.125690
7285        0.087443        0.078750        0.037290        0.146290
7298        0.150177        0.172850        0.121190        0.156490
7310        0.129043        0.081050        0.106490        0.199590
7323        0.140443        0.154250        0.070190        0.196890
7335        0.153277        0.176850        0.089990        0.192990
7348        0.101610        0.094750        0.051990        0.158090
7360        0.161610        0.182150        0.095890        0.206790
7372        0.096577        0.057450        0.072490        0.159790
7385        0.076343        0.048850        0.047190        0.132990
7397        0.118343        0.130350        0.068290        0.156390
7410        0.104243        0.081850        0.092490        0.138390
7422        0.145310        0.108650        0.102490        0.224790
7435        0.168443        0.184350        0.149890        0.171090
7447        0.163377        0.145950        0.134190        0.209990
7460        0.128977        0.126550        0.131990        0.128390
7472        0.118077        0.090850        0.085090        0.178290
7484        0.089777        0.046850        0.100990        0.121490
7497        0.127677        0.110050        0.099190        0.173790
7509        0.144343        0.171850        0.132090        0.129090
7522        0.104743        0.057050        0.133290        0.123890
7559        0.158077        0.165050        0.102090        0.207090
7572        0.142277        0.147450        0.083690        0.195690
7584        0.142010        0.129750        0.122690        0.173590
7597        0.165577        0.092150        0.160990        0.243590
7609        0.144910        0.170050        0.108390        0.156290
7621        0.123610        0.121650        0.096090        0.153090
7634        0.170510        0.182150        0.089490        0.239890
7646        0.165410        0.129850        0.141090        0.225290
7659        0.163543        0.154650        0.124390        0.211590
7671        0.168010        0.167050        0.119190        0.217790
7684        0.133210        0.033550        0.134790        0.231290
7746        0.179843        0.145450        0.124990        0.269090
7758        0.214977        0.200450        0.175390        0.269090
7771        0.226610        0.250150        0.153190        0.276490
7783        0.175777        0.150250        0.143190        0.233890
7872       -0.087923       -0.059550       -0.056110       -0.148110
7884       -0.044423       -0.006150       -0.089310       -0.037810
7897        0.007643        0.057950       -0.050710        0.015690
7909        0.015043        0.020750        0.013190        0.011190
7922       -0.019890        0.005550       -0.037910       -0.027310
7934       -0.005157        0.034150       -0.014810       -0.034810
7947        0.002610        0.039350        0.000590       -0.032110
7959        0.029010        0.020950        0.023790        0.042290
7971        0.002710        0.035650       -0.015610       -0.011910
7984        0.012710        0.034550        0.031490       -0.027910
7996        0.000543        0.032650       -0.015710       -0.015310
8009       -0.001890        0.001350       -0.024310        0.017290
8021       -0.000290        0.021850       -0.000210       -0.022510
8034        0.039310        0.035950        0.030290        0.051690
8046        0.030877        0.065950        0.038490       -0.011810
8059        0.020243        0.051050       -0.047610        0.057290
8071        0.004377        0.020650       -0.021510        0.013990
8084       -0.004923        0.035950       -0.044410       -0.006310
8096        0.008843        0.028750       -0.024010        0.021790
8108       -0.018523        0.012550       -0.031910       -0.036210
8121        0.030743        0.088750        0.011990       -0.008510
8133        0.025143        0.010550       -0.008310        0.073190
8146        0.022010        0.059450       -0.017110        0.023690
8158        0.020877        0.057850        0.031190       -0.026410
8171        0.076310        0.092750        0.057190        0.078990
8183        0.075677        0.095850        0.059490        0.071690
8196        0.034543        0.041450        0.022890        0.039290
8208        0.041843        0.035050        0.080290        0.010190
8220        0.067310        0.059750        0.060090        0.082090
8233        0.091977        0.102050        0.050090        0.123790
8245        0.064310        0.106150        0.018690        0.068090
8258        0.077943        0.038350        0.132390        0.063090
8270        0.023243        0.036950       -0.020910        0.053690
8283        0.059777        0.098050        0.010990        0.070290
8295        0.070043        0.078250        0.008090        0.123790
8308        0.067143        0.104450        0.002290        0.094690
8320        0.074077        0.120650        0.032290        0.069290
8333        0.067977        0.145450        0.024690        0.033790
8345        0.072910        0.140450       -0.030210        0.108490
8357        0.074010        0.120450       -0.005910        0.107490
8370        0.060443        0.122350       -0.016210        0.075190
8382        0.082777        0.124350        0.041190        0.082790
8395        0.072177        0.105550        0.042990        0.067990
8407        0.066577        0.084850        0.012690        0.102190
8420        0.112043        0.118350        0.028690        0.189090
8432        0.078810        0.108450        0.034390        0.093590
8445        0.060477        0.053750        0.035090        0.092590
8457        0.112110        0.169750        0.033190        0.133390
8469        0.061643        0.081750        0.004890        0.098290
8482        0.088443        0.111850        0.018990        0.134490
8494        0.104043        0.108350        0.080890        0.122890
8507        0.065077        0.053450       -0.016710        0.158490
8519        0.078577        0.091050        0.036390        0.108290
8532        0.057977        0.090150        0.005390        0.078390
8544        0.038077        0.093450        0.003390        0.017390
8557        0.054477        0.129650        0.014590        0.019190
8569        0.114543        0.114950        0.105090        0.123590
8582        0.064477        0.079150        0.027290        0.086990
8594        0.077977        0.102650        0.057690        0.073590
8606        0.088910        0.124450        0.041190        0.101090
8619        0.068377        0.051850        0.026190        0.127090
8631        0.084443        0.167250        0.006290        0.079790
8644        0.088777        0.106250        0.063990        0.096090
8656        0.052110        0.094650        0.004590        0.057090
8669        0.088477        0.102050        0.066490        0.096890
8681        0.133510        0.138250        0.098090        0.164190
8694        0.091710        0.105250        0.083490        0.086390
8706        0.138110        0.166250        0.096390        0.151690
8718        0.127277        0.127150        0.086490        0.168190
8731        0.098743        0.118550        0.056890        0.120790
8743        0.121877        0.158050        0.082590        0.124990
8756        0.112010        0.158050        0.055290        0.122690
8781        0.127743        0.131550        0.123090        0.128590
8793        0.102743        0.127150        0.098590        0.082490
8806        0.106410        0.119250        0.060990        0.138990
8818        0.111477        0.121850        0.103090        0.109490
8831        0.101910        0.101350        0.044090        0.160290
8843        0.127443        0.170850        0.088590        0.122890
8856        0.125377        0.213350        0.055690        0.107090
8868        0.130677        0.154050        0.130390        0.107590
8880        0.141643        0.114850        0.106490        0.203590
8893        0.132043        0.102550        0.136990        0.156590
8905        0.131610        0.137550        0.119490        0.137790
8918        0.152110        0.135250        0.131590        0.189490
8930        0.156977        0.188650        0.094490        0.187790
8943        0.101743        0.122050        0.051190        0.131990
8955        0.133610        0.198750        0.119290        0.082790
8968        0.111510        0.105850        0.090590        0.138090
8980        0.121677        0.150050        0.057990        0.156990
8993        0.162743        0.164350        0.110890        0.212990
9005        0.159377        0.140350        0.121290        0.216490
9018        0.129810        0.123350        0.105290        0.160790
9042        0.165477        0.176450        0.088990        0.230990
9055        0.138577        0.226550        0.101690        0.087490
9067        0.142143        0.212050        0.128890        0.085490
9080        0.158377        0.208850        0.118090        0.148190
9092        0.152810        0.191450        0.112690        0.154290
9105        0.124110        0.083450        0.112490        0.176390
9117        0.137410        0.113850        0.110290        0.188090
9130        0.103843        0.130250        0.099590        0.081690
9155        0.169177        0.149650        0.179090        0.178790
9167        0.137310        0.159750        0.121490        0.130690
9179        0.194943        0.216650        0.172290        0.195890
9192        0.183277        0.200450        0.127290        0.222090
9204        0.111243        0.112150        0.087490        0.134090
9217        0.137277        0.180950        0.066990        0.163890
9229        0.140710        0.114750        0.139390        0.167990
9242        0.130743        0.150750        0.112190        0.129290
9254        0.173177        0.257450        0.095590        0.166490
9267        0.188410        0.230750        0.147590        0.186890
9279        0.209043        0.242850        0.166790        0.217490
9292        0.216210        0.209750        0.187590        0.251290
9304        0.155577        0.140650        0.129990        0.196090
9317        0.185577        0.205950        0.149490        0.201290
9329        0.137577        0.128750        0.113890        0.170090
9341        0.149610        0.111450        0.107190        0.230190
9354        0.166677        0.169150        0.111790        0.219090
9366        0.164543        0.196550        0.102790        0.194290
9379        0.163477        0.169850        0.139290        0.181290
9391        0.149077        0.133850        0.148990        0.164390
9404        0.182810        0.182550        0.179990        0.185890
9416        0.195577        0.187350        0.201490        0.197890
9429        0.140043        0.168350        0.096490        0.155290
9441        0.201010        0.201750        0.189990        0.211290
9454        0.222610        0.266850        0.194590        0.206390
