0 -4.243 0.1545
12 -4.190775 0.165807512646
25 -4.187125 0.163126739454
37 -4.195875 0.165863820271
50 -4.16665 0.165665274349
62 -4.15935 0.170571167332
75 -4.14345 0.164827771856
87 -4.153275 0.164958024964
100 -4.157425 0.169839381844
112 -4.113825 0.172319650287
124 -4.094975 0.170447209569
137 -4.1216 0.168204486786
149 -4.1269 0.168192157591
162 -4.099225 0.172568299884
174 -4.0778 0.171224753613
187 -4.119025 0.171844790072
199 -4.10535 0.16907291881
212 -4.139175 0.166501944433
224 -4.1928 0.164211637453
237 -4.144225 0.167591622329
249 -4.1666 0.172535326093
261 -3.96535 0.179301983397
274 -4.0695 0.172384432302
286 -4.091125 0.171546487868
299 -4.051 0.176945127441
311 -4.080625 0.17057025129
324 -4.1075 0.170161193799
336 -4.0821 0.170446379032
349 -4.13805 0.168541029871
361 -4.1014 0.171785112859
373 -4.0526 0.176957692684
386 -4.0167 0.176933748194
398 -4.03215 0.17491239593
411 -4.0525 0.175775003556
423 -4.04315 0.175039043859
436 -4.051 0.17473098609
448 -4.023575 0.176952152784
461 -4.016925 0.179561102066
473 -3.998325 0.178667865745
486 -4.008375 0.178363899444
498 -4.01685 0.178709201638
510 -3.969675 0.181879065247
523 -3.9619 0.180587449384
536 -3.9341 0.187551629558
548 -3.94705 0.180514545813
560 -3.957375 0.183536997292
573 -3.9433 0.186127609115
585 -3.89055 0.188492776718
598 -3.86645 0.192791292594
610 -3.83365 0.185833687406
623 -3.940875 0.184605638795
635 -3.89935 0.18575708432
648 -3.946975 0.186421481461
660 -3.9058 0.185344205129
672 -3.95195 0.183677519719
685 -3.913075 0.184819300264
697 -3.9009 0.186288537959
710 -3.943325 0.184361741896
722 -3.9116 0.18937689108
735 -3.86805 0.188184757951
747 -3.896425 0.186120836085
760 -3.9318 0.183910275338
772 -3.9014 0.191840539251
785 -3.844925 0.189718119852
797 -3.839975 0.193043963581
809 -3.836575 0.195231698886
822 -3.8144 0.194672009416
834 -3.8428 0.190021122181
847 -3.7815 0.200819973795
859 -3.8181 0.192848933754
872 -3.83225 0.192965939352
884 -3.788275 0.195422377493
897 -3.8318 0.193449153526
909 -3.7973 0.198416117352
921 -3.766725 0.199506057239
934 -3.750925 0.198986262089
946 -3.783475 0.194964352511
1289 -4.114175 0.159685930031
1301 -4.27505 0.155645141267
1314 -4.315675 0.1549162435
1326 -4.333175 0.154136522278
1339 -4.289225 0.156420896542
1351 -4.299175 0.156596777186
1364 -4.316625 0.155568124145
1376 -4.310175 0.155081663971
1389 -4.3143 0.156570120074
1401 -4.280975 0.156581185013
1414 -4.300975 0.156845248175
1426 -4.26995 0.158718868995
1439 -4.2901 0.156696468132
1451 -4.264225 0.160829418562
1463 -4.23975 0.161351582344
1476 -4.240325 0.158686682255
1488 -4.26635 0.157464404708
1501 -4.287525 0.159038878894
1513 -4.250425 0.158791039971
1526 -4.218375 0.162621842783
1538 -4.2711 0.158815765905
1551 -4.234275 0.160753919081
1563 -4.240575 0.161059239878
1576 -4.203175 0.165640691709
1588 -4.203525 0.160718412526
1600 -4.2107 0.162813369
1613 -4.2457 0.160425892159
1625 -4.2224 0.16249356718
1638 -4.2305 0.160056181543
1650 -4.224075 0.161528602343
1663 -4.260875 0.158404596682
1675 -4.237575 0.160887868561
1688 -4.186525 0.175223298608
1700 -4.065425 0.164270776844
1713 -4.2061 0.16321948796
1725 -4.2067 0.162847257806
1737 -4.204025 0.162627532647
1750 -4.216975 0.162423787898
1762 -4.210325 0.161920167444
1775 -4.1984 0.164544693776
1787 -4.180925 0.164689442588
1800 -4.1515 0.167209707404
1812 -4.1714 0.164780304497
1825 -4.19065 0.165490586968
1837 -4.1676 0.164327605335
1850 -4.22265 0.16336648218
1862 -4.190725 0.163506972328
1874 -4.181175 0.166342230056
1887 -4.127 0.168419415077
1899 -4.118275 0.169567315173
1912 -4.17575 0.165934512685
1924 -4.13995 0.167684389181
1937 -4.148 0.168401465997
1949 -4.126725 0.169543803337
1962 -4.086075 0.171372040456
1974 -4.09 0.172029337978
1987 -4.08025 0.172333031512
1999 -4.095675 0.171376783361
2011 -4.113725 0.16972959929
2024 -4.08425 0.173242631517
2036 -4.070375 0.171373863964
2049 -4.050925 0.174375010753
2061 -4.0946 0.171881963495
2074 -4.098875 0.170741972725
2086 -4.05565 0.174817594223
2099 -4.108825 0.16980097725
2111 -4.0584 0.175244566606
2124 -4.058775 0.17535065583
2136 -4.04765 0.171885765117
2148 -4.1049 0.170793504707
2161 -4.06825 0.17494475378
2173 -4.01955 0.175836307044
2186 -4.063975 0.174972342457
2198 -4.050225 0.175447835909
2211 -4.0387 0.176681123426
2223 -4.005375 0.175641177191
2236 -4.054125 0.174665889987
2248 -4.029575 0.177639782988
2260 -4.039975 0.174853036505
2273 -4.05265 0.175131584459
2285 -4.005575 0.177649510976
2298 -4.016375 0.178548780099
2310 -4.014875 0.178349495374
2323 -4.0045 0.176460218605
2335 -4.0313 0.177388505476
2348 -3.9878 0.179062886998
2360 -3.96295 0.182362987953
2373 -3.9778 0.180353177821
2392 -3.975925 0.180138351344
2406 -3.98405 0.181034801558
2419 -3.93015 0.1852839139
2431 -3.929775 0.182537263319
2446 -3.9104 0.193636766912
2459 -3.856975 0.186801634428
2471 -3.9535 0.181148799334
2484 -4.0008 0.177540007815
2496 -3.9609 0.182647821983
2509 -3.978575 0.18176778283
2521 -3.980275 0.181977435071
2534 -3.914175 0.185107965118
2546 -3.93405 0.183597775381
2559 -3.910475 0.184071930573
2571 -3.96045 0.18216645719
2583 -3.935475 0.185435433507
2596 -3.9135 0.185996690159
2608 -3.874725 0.188815478709
2621 -3.8874 0.187427836113
2633 -3.937 0.184933491423
2646 -3.883625 0.187968870428
2658 -3.8991 0.187690794593
2671 -3.8726 0.187957847668
2683 -3.9192 0.187010133415
2695 -3.895275 0.186463345929
2708 -3.87595 0.189856924749
2720 -3.830775 0.192806899838
2733 -3.866125 0.19283105948
2745 -3.812025 0.192072130006
2758 -3.824625 0.194236019445
2770 -3.83305 0.19231676344
2783 -3.823875 0.194272386097
2795 -3.807075 0.19458388294
2808 -3.818025 0.194196160492
2821 -3.793975 0.193731771723
2834 -3.8445 0.193728064887
2846 -3.771 0.197781963283
2859 -3.81465 0.194275189808
2871 -3.768475 0.198354546835
2884 -3.7552 0.200338023725
2896 -3.7401 0.201160338723
2908 -3.7155 0.20564564638
2922 -3.709125 0.203092537406
2934 -3.6838 0.205883735395
2947 -3.7064 0.204947136477
2959 -3.6392 0.209427482974
2971 -3.680425 0.205578364012
2984 -3.69585 0.204565727518
2996 -3.3221 0.39002697583
3009 -2.640325 0.217012096437
3021 -3.65555 0.208865927391
3041 -3.606125 0.214766950728
3060 -3.594175 0.213627499985
3077 -3.611625 0.212929153417
3097 -3.616575 0.214771094715
3110 -3.534125 0.219898635739
3122 -3.526125 0.221251257059
3135 -3.553675 0.219932164258
3149 -3.454575 0.232997325628
3161 -3.43645 0.22960281466
3290 -3.905875 0.171164133582
3303 -4.119875 0.168491342508
3315 -4.1495 0.168201556919
3328 -4.095625 0.171242810068
3340 -4.107625 0.170880515639
3353 -4.1864 0.158564338283
3365 -4.2611 0.160554661642
3378 -4.26185 0.158692782996
3390 -4.2598 0.157639378805
3403 -4.265275 0.159635651563
3415 -4.26635 0.157917810902
3427 -4.287825 0.156611030901
3440 -4.27585 0.157228203974
3452 -4.258775 0.159837247302
3465 -4.275775 0.15805381797
3477 -4.257 0.159118845128
3490 -4.259225 0.159831823724
3502 -4.2356 0.15972788188
3515 -4.2669 0.158422984049
3527 -4.252825 0.159888257855
3539 -4.272625 0.157973872444
3552 -4.262325 0.159441688009
3564 -4.238025 0.160026003746
3577 -4.23335 0.161679180787
3589 -4.23365 0.159530326271
3602 -4.271575 0.158618961666
3614 -4.2412 0.160481145699
3627 -4.238875 0.160695509816
3639 -4.23855 0.1611216078
3652 -4.24055 0.160276039226
3664 -4.23805 0.160359247083
3676 -4.20045 0.163344733233
3689 -4.23455 0.161246437945
3701 -4.22255 0.161854685984
3714 -4.2084 0.162529714591
3726 -4.2081 0.162208448069
3739 -4.199975 0.163650853572
3751 -4.2097 0.163116886771
3764 -4.20645 0.162348450485
3776 -4.19055 0.163865815914
3788 -4.18765 0.164557598199
3801 -4.18655 0.164796108874
3813 -4.18915 0.164048093177
3826 -4.15535 0.166454505797
3838 -4.16585 0.166481034956
3851 -4.1598 0.16571377055
3863 -4.149625 0.16805835668
3876 -4.14195 0.167727448186
3888 -4.169 0.164996121167
3900 -4.112675 0.169998202196
3913 -4.10965 0.17162877454
3925 -4.09785 0.170120852264
3938 -4.1139 0.170709486409
3950 -4.053525 0.174023601129
3963 -4.078975 0.173277651112
3975 -4.0339 0.174826394246
3988 -4.084875 0.172384947139
4000 -4.079825 0.172504809716
4013 -4.07155 0.17279225243
4025 -4.057825 0.1753628221
4037 -4.050975 0.174141994863
4050 -4.074675 0.172968226851
4062 -4.03795 0.175892689231
4075 -4.04295 0.175022764591
4087 -4.04305 0.175206544184
4100 -4.019925 0.177962617212
4112 -2.863025 0.305806480883
4125 -3.975225 0.178300073612
4137 -3.4717 0.296359030569
4150 -2.733225 0.296065047751
4162 -3.485175 0.188079481204
4174 -3.896725 0.189411184662
4541 -4.154425 0.157660275593
4554 -4.2873 0.157643819257
4566 -4.260525 0.159823625444
4579 -4.2534 0.158863237173
4591 -4.273675 0.15653311351
4604 -4.335875 0.154359922341
4616 -4.308025 0.155635764688
4628 -4.312525 0.156452866305
4641 -4.2833 0.157058084399
4653 -4.280075 0.15700627376
4666 -4.32065 0.154855263068
4678 -4.2953 0.157096634273
4691 -4.28715 0.157325182743
4703 -4.284325 0.15763929951
4716 -4.2459 0.159354379058
4728 -4.3028 0.156348760788
4741 -4.264875 0.158877301321
4753 -4.2775 0.15884129855
4765 -4.2494 0.158946040372
4778 -4.266325 0.157193861203
4790 -4.266725 0.160093970452
4803 -4.281425 0.157364955994
4815 -4.26865 0.157697503151
4828 -4.2723 0.157538477443
4840 -4.277125 0.158507923698
4853 -4.292625 0.157114552159
4865 -4.238825 0.160308318172
4878 -4.24765 0.160115237798
4890 -4.24615 0.160032551376
4902 -4.2562 0.159162485765
4915 -4.24995 0.159532204821
4927 -4.258375 0.159138461724
4940 -4.2741 0.157777691706
4952 -4.23815 0.160972534536
4965 -4.266125 0.158784909547
4977 -4.221975 0.161986305363
4990 -4.1948 0.163236682075
5002 -4.245225 0.15983037884
5015 -4.259025 0.158846862182
5027 -4.2349 0.161474653584
5039 -4.24965 0.160786965034
5052 -4.21865 0.160982964937
5064 -4.24805 0.159463986922
5077 -4.257025 0.160163244847
5089 -4.234775 0.160080477807
5102 -4.223325 0.162499465384
5114 -4.204475 0.161609858146
5127 -4.246 0.160718120867
5139 -4.23595 0.160857738002
5152 -4.2177 0.161208610967
5164 -4.212175 0.163645766444
5176 -4.2152 0.162367022514
5189 -4.2001 0.162736758294
5201 -4.201475 0.163087635568
5214 -4.1747 0.165716054216
5226 -4.221325 0.161887447398
5239 -4.1916 0.164725684852
5251 -4.190525 0.163380468539
5264 -4.193625 0.163927339087
5276 -4.1904 0.164533408462
5288 -4.169925 0.1650189705
5301 -4.1996 0.164166217216
5313 -4.19395 0.163617270635
5326 -4.158325 0.16539513105
5338 -4.214225 0.162760260813
5351 -4.18275 0.164315534871
5363 -4.209175 0.162972664502
5376 -4.140325 0.168832694553
5388 -4.151525 0.165634058243
5401 -4.187675 0.165027804475
5413 -4.17695 0.165068233997
5426 -4.1219 0.169737092661
5438 -4.1496 0.166656036119
5450 -4.098 0.170588924758
5463 -4.121675 0.168929356537
5475 -4.15245 0.166798875895
5488 -4.162475 0.165517416002
5500 -4.15215 0.167250657697
5513 -4.14215 0.167666654034
5525 -4.149125 0.167098131722
5538 -4.13295 0.169172024135
5550 -4.106125 0.170982084222
5563 -4.099125 0.169503949069
5575 -4.14015 0.169117518312
5587 -4.114475 0.169556166948
5600 -4.078525 0.172045936816
5612 -4.097525 0.170666097615
5625 -4.12705 0.168822821325
5637 -4.10365 0.172182515808
5720 -4.2484 0.153512825197
5733 -4.32155 0.155099562781
5745 -4.305 0.156301927371
5758 -4.29195 0.158335677834
5770 -4.2771 0.156717305203
5783 -4.2777 0.158220091961
5795 -4.27205 0.158552917034
5807 -4.28295 0.156610244716
5820 -4.3153 0.154516880146
5832 -4.318225 0.155369143092
5845 -4.318375 0.155008907002
5857 -4.3015 0.155567571733
5870 -4.3265 0.154486397055
5882 -4.312075 0.155660849285
5895 -4.292675 0.156533255253
5907 -4.272825 0.158469253721
5920 -4.257425 0.159171446481
5932 -4.267525 0.157998364311
5945 -4.297125 0.156132083506
5957 -4.267925 0.159348233046
5969 -4.267725 0.158226348944
5982 -4.31935 0.154839416816
5994 -4.264725 0.15879399784
6007 -4.265575 0.159121294144
6019 -4.27835 0.157497077354
6032 -4.278425 0.157370927271
6044 -4.30315 0.156512521464
6057 -4.2523 0.159121745843
6069 -4.274225 0.157335531191
6082 -4.2729 0.159086916102
6094 -4.248125 0.159512922674
6106 -4.25005 0.159797152665
6119 -4.2546 0.159111328949
6131 -4.250325 0.159472385932
6144 -4.2593 0.158981830723
6156 -4.2922 0.157169631688
6169 -4.2498 0.159391740297
6181 -4.2651 0.15910784668
6194 -4.248775 0.160212403936
6206 -4.2668 0.158604086486
6218 -4.228625 0.162018854998
6231 -4.232175 0.160388052859
6243 -4.212925 0.161984790953
6256 -4.22625 0.161791833848
6268 -4.23205 0.16123744331
6281 -4.215925 0.161709053936
6293 -4.246125 0.161069329017
6306 -4.203525 0.162440970048
6318 -4.2101 0.16270622107
6331 -4.20935 0.162816234602
6343 -4.23505 0.161399328143
6355 -4.265825 0.157104077764
6368 -4.232125 0.161074346188
6380 -4.240175 0.160608351277
6393 -4.19485 0.163712720947
6405 -4.23005 0.161012590734
6418 -4.248375 0.159850099703
6430 -4.22415 0.161490098381
6443 -4.2496 0.159960909287
6455 -4.2158 0.162288872462
6468 -4.2131 0.161886617344
6480 -4.2323 0.162013197765
6492 -4.18425 0.164380501809
6505 -4.19385 0.163501213681
6517 -4.207525 0.163726141392
6530 -4.1815 0.164331382046
6542 -4.232325 0.161744120836
6555 -4.16675 0.164416202061
6567 -4.208725 0.16312114938
6580 -4.1743 0.165576842055
6592 -4.186 0.163528279282
6605 -4.198175 0.163898144819
6617 -4.1559 0.167441549503
6629 -4.1953 0.162805587665
6642 -4.174825 0.165679549507
6654 -4.1806 0.16382716121
6667 -4.200475 0.164113735333
6679 -4.167925 0.166102835241
6692 -4.170575 0.165850887471
6704 -4.175375 0.164687660816
6717 -4.2027 0.163524629261
6729 -4.12665 0.168451395067
6742 -4.15835 0.166811482294
6754 -4.151825 0.166931505415
6767 -4.1225 0.168861157834
6779 -4.156225 0.16754316981
6793 -4.1478 0.166896908674
6806 -4.1134 0.17018922557
6818 -4.129225 0.167247281368
6831 -4.126 0.170145975929
6843 -4.12735 0.168659486837
6856 -4.13715 0.168476114776
6868 -4.136125 0.16770317901
6881 -4.1467 0.166795333043
6893 -4.136525 0.16853055361
6905 -4.146975 0.16718973877
6918 -4.15955 0.166413194339
6930 -4.110575 0.170093669047
6943 -4.14135 0.167786039348
6955 -4.113925 0.172454396146
6968 -4.030575 0.175537266343
6980 -4.095 0.171555708882
6993 -4.07755 0.172326606695
7005 -4.0964 0.171047131663
7018 -4.071475 0.172059664434
7030 -4.069325 0.175303795238
7049 -4.08165 0.169576643807
7061 -4.121425 0.169255105167
7074 -4.135375 0.169406556101
7086 -4.125975 0.169284754556
7099 -4.087975 0.171303285506
7111 -4.10615 0.171524041682
7123 -4.05755 0.172968210591
7136 -4.116575 0.170236686337
7148 -4.0844 0.171900761706
7161 -4.071975 0.172854823479
7173 -4.1055 0.170428115345
7186 -4.113475 0.169942495789
7198 -4.07015 0.173944976932
7211 -4.093275 0.171367208065
7223 -4.09155 0.171251742692
7236 -4.063225 0.174258674461
7248 -4.06935 0.173116633372
7260 -4.0623 0.174495275724
7273 -4.03435 0.174054555025
7285 -4.04685 0.176554267507
7298 -4.04665 0.173970572224
7310 -4.04915 0.175712396404
7323 -4.029575 0.175526502629
7335 -4.077175 0.173804552587
7348 -4.028875 0.17576175103
7360 -4.0209 0.17800599709
7372 -4.039425 0.175334287862
7385 -4.017875 0.178067782038
7397 -4.014325 0.177008347261
7410 -4.0009 0.17781664011
7422 -4.01005 0.179302884458
7435 -3.978875 0.181144257085
7447 -3.99605 0.17833817069
7460 -4.006925 0.176892944319
7472 -4.016675 0.17812721753
7484 -4.004575 0.177345566621
7497 -4.025675 0.177537001425
7509 -4.006525 0.177652022927
7522 -4.017225 0.178457932718
7534 -3.99005 0.180582740731
7547 -3.939275 0.185045675105
7559 -3.95245 0.180259115581
7572 -3.995875 0.1793908547
7584 -3.96215 0.181528883721
7597 -3.952775 0.181384501819
7609 -4.010125 0.178560780968
7621 -3.9886 0.18005926802
7634 -3.997275 0.178616164932
7646 -3.9435 0.182948126186
7872 -4.1394 0.164284239201
7884 -4.182625 0.164958682327
7897 -4.169825 0.166151587413
7909 -4.17605 0.165101101601
7922 -4.20565 0.161948921346
7934 -4.18195 0.164690389443
7947 -4.1861 0.163789581094
7959 -4.220425 0.162126220119
7971 -4.17925 0.165243012333
7984 -4.2078 0.16325171898
7996 -4.202775 0.162659811801
8009 -4.2291 0.161074367529
8021 -4.213875 0.162410275229
8034 -4.1861 0.164645270202
8046 -4.220425 0.161658503875
8059 -4.2009 0.163485200018
8071 -4.1993 0.164308083337
8084 -4.189725 0.163853173604
8096 -4.201625 0.163453684189
8108 -4.1672 0.165066242385
8121 -4.190125 0.164473896105
8133 -4.233425 0.161223373771
8146 -4.164075 0.165552540754
8158 -4.20065 0.164119360147
8171 -4.1584 0.166976489737
8183 -4.142625 0.168790895045
8196 -4.139025 0.167672528683
8208 -4.127675 0.169324885575
8220 -4.115075 0.169230840865
8233 -4.17205 0.165741055566
8245 -4.144625 0.166470316423
8258 -4.16605 0.165229119331
8270 -4.175925 0.165703085367
8283 -4.158225 0.16660380773
8295 -4.153825 0.166600815949
8308 -4.158875 0.166400247896
8320 -4.21155 0.163449074638
8333 -4.16715 0.164683406496
8345 -4.161175 0.166572900707
8357 -4.1453 0.167865440904
8370 -4.13775 0.168591887038
8382 -4.134475 0.169042060225
8395 -4.141975 0.166099497666
8407 -4.1781 0.164751464333
8420 -4.18785 0.164357828
8432 -4.206925 0.163211942348
8445 -4.15 0.167987021448
8457 -4.156225 0.166474451869
8469 -4.16305 0.165868933574
8482 -4.1541 0.166608607596
8494 -4.1544 0.166790907651
8507 -4.165325 0.166222352964
8519 -4.133925 0.168158881344
8532 -4.17235 0.164843156516
8544 -4.18535 0.164527007661
8557 -4.182 0.165127746003
8569 -4.154275 0.167594025848
8582 -4.144075 0.166521008434
8594 -4.134675 0.168415791273
8606 -4.1537 0.166989082727
8619 -4.145225 0.167380487214
8631 -4.147875 0.167479884986
8644 -4.140375 0.168587240027
8656 -4.117125 0.169088639846
8669 -4.130025 0.168281843198
8681 -4.130125 0.169059808204
8694 -4.139 0.169034040581
8706 -4.121775 0.169784052181
8718 -4.085675 0.170919582699
8731 -4.12815 0.168847451491
8743 -4.1094 0.170403897036
8756 -4.111475 0.17012978318
8768 -4.0725 0.173140894577
8781 -4.0841 0.172289679755
8793 -4.074125 0.171973693482
8806 -4.085 0.172438581457
8818 -4.115675 0.16965329904
8831 -4.099225 0.170598976037
8843 -4.0902 0.171949116747
8856 -4.08875 0.171974293137
8868 -4.08425 0.172080958418
8880 -4.06735 0.173842374725
8893 -4.06975 0.17399443777
8905 -4.083925 0.171080801451
8918 -4.0962 0.171930716424
8930 -4.07395 0.171919639658
8943 -4.085175 0.172376434004
8955 -4.059775 0.175052615305
8968 -4.0803 0.171279780257
8980 -4.089775 0.171404308216
8993 -4.082825 0.172365083108
9005 -4.103425 0.170937325868
9018 -4.091725 0.17112536523
9030 -4.09905 0.171111648493
9042 -4.06935 0.173956104377
9055 -4.06105 0.173289688816
9067 -4.082825 0.172504324221
9080 -4.062725 0.17458783427
9092 -4.022675 0.176142697833
9105 -4.04855 0.174751877672
9117 -4.030125 0.176297800256
9130 -4.046525 0.17443938238
9142 -4.06875 0.174169929595
9155 -4.021825 0.177630568175
9167 -4.036025 0.175518453446
9179 -4.021825 0.178670968543
9192 -3.9778 0.179879199048
9204 -4.034225 0.174968673982
9217 -4.019525 0.177146590074
9229 -4.014525 0.178752676553
9242 -4.00875 0.177119641768
9254 -3.9889 0.179499789345
9267 -4.0024 0.179243852754
9279 -4.0068 0.178312979758
9292 -3.98125 0.180355659046
9304 -4.0037 0.178422754645
9317 -4.0246 0.177274596319
9329 -4.01225 0.177368336732
9341 -3.98145 0.180253023553
9354 -4.01205 0.178443847961
9366 -3.998875 0.178756961403
9379 -3.985625 0.180314898164
9391 -3.95515 0.182772488356
9404 -3.974325 0.181253693066
9416 -3.984175 0.179192775036
9429 -3.9566 0.182152585419
9441 -3.9572 0.182351574918
9454 -3.975075 0.181014830194
9466 -3.94965 0.183677916133
