     1     -12.627300       0.014100     -12.080200       0.023000     -12.458900       0.016400     -12.376700       0.017600
     2     -12.507800       0.013900     -11.927600       0.023400     -12.323600       0.016400     -12.170400       0.018800
     3     -12.493900       0.013900     -11.954600       0.022600     -12.344600       0.015900     -12.179600       0.018400
     4     -12.456700       0.014300     -11.879400       0.024000     -12.301400       0.016400     -12.127600       0.019200
     5     -12.464200       0.014200     -11.920400       0.023100     -12.293500       0.016500     -12.140100       0.019000
     6     -12.448600       0.014300     -11.837300       0.024800     -12.205700       0.017800     -12.017500       0.021100
     7     -12.506700       0.013600     -11.780400       0.026200     -12.261900       0.016900     -12.065400       0.020200
     8     -12.480100       0.013900     -11.806100       0.025500     -12.282300       0.016600     -12.108700       0.019400
     9     -12.440900       0.014400     -11.799600       0.025600     -12.289300       0.016500     -12.039400       0.020600
    10     -12.385500       0.015100     -11.740100       0.027000     -12.278600       0.016600     -11.964900       0.022000
    11     -12.429600       0.014500     -11.819700       0.025100     -12.211200       0.017600     -12.021100       0.020900
    12     -12.458200       0.014200     -11.815900       0.025300     -12.251800       0.017000     -12.064700       0.020200
    13     -12.462200       0.014100     -11.801500       0.025500     -12.225400       0.017400     -12.104100       0.019400
    14     -12.403800       0.014800     -11.787400       0.025900     -12.234700       0.017300     -12.064800       0.020100
    15     -12.454700       0.014200     -11.760300       0.026500     -12.260400       0.016900     -12.034700       0.020700
    16     -12.415500       0.014700     -11.756800       0.026600     -12.297900       0.016300     -12.024100       0.020900
    17     -12.465100       0.014000     -11.763800       0.026400     -12.272300       0.016700     -12.033400       0.020700
    18     -12.467800       0.014000     -11.754100       0.026500     -12.295700       0.016300     -11.976500       0.021700
    19     -12.447700       0.014200     -11.798800       0.025500     -12.293300       0.016300     -12.097800       0.019500
    20     -12.413000       0.014700     -11.779800       0.025900     -12.229700       0.017300     -12.050200       0.020300
    21     -12.376800       0.015200     -11.755800       0.026600     -12.170000       0.018300     -11.989800       0.021500
    22     -12.350100       0.015600     -11.715000       0.027600     -12.190200       0.018000     -11.982400       0.021700
    23     -12.387300       0.015000     -11.749200       0.026700     -12.250100       0.017000     -12.005500       0.021200
    24     -12.402800       0.014800     -11.754700       0.026500     -12.252000       0.016900     -12.021900       0.020800
    25     -12.348000       0.015600     -11.762800       0.026400     -12.237300       0.017200     -11.961400       0.022000
    26     -12.428100       0.014500     -11.708700       0.027700     -12.251500       0.016900     -11.961500       0.022000
    27     -12.440700       0.014300     -11.742400       0.026900     -12.255800       0.016900     -11.992700       0.021400
    28     -12.409600       0.014700     -11.804600       0.025300     -12.301300       0.016200     -11.995100       0.021300
    29     -12.410000       0.014700     -11.758600       0.026500     -12.282500       0.016500     -11.979000       0.021700
    30     -12.389400       0.015000     -11.722900       0.027300     -12.317400       0.016000     -12.022900       0.020800
    31     -12.324900       0.015900     -11.760200       0.026400     -12.195900       0.017800     -11.975900       0.021700
    32     -12.325300       0.015800     -11.765700       0.026200     -12.190500       0.017900     -11.945000       0.022300
    33     -12.319000       0.016000     -11.764600       0.026300     -12.196200       0.017800     -11.970600       0.021800
    34     -12.301400       0.016200     -11.709700       0.027700     -12.219300       0.017500     -11.908200       0.023100
    35     -12.345800       0.015500     -11.757100       0.026400     -12.213800       0.017500     -11.943600       0.022300
    36     -12.351900       0.015500     -11.720000       0.027400     -12.156200       0.018500     -11.914100       0.023000
    37     -12.365500       0.015300     -11.686200       0.028200     -12.219300       0.017400     -12.010000       0.021000
    38     -12.324600       0.015900     -11.751800       0.026600     -12.154700       0.018500     -11.858900       0.024100
    39     -12.322900       0.015900     -11.776400       0.026000     -12.152800       0.018500     -11.905800       0.023100
    40     -12.341600       0.015600     -11.704200       0.027700     -12.142500       0.018700     -11.921700       0.022800
    41     -12.337400       0.015700     -11.715500       0.027400     -12.141100       0.018700     -11.874000       0.023800
    42     -12.261100       0.016800     -11.646600       0.029300     -12.145900       0.018700     -11.950800       0.022200
    43     -12.281800       0.016500     -11.748700       0.026600     -12.173400       0.018200     -11.912100       0.023000
    44     -12.250400       0.016900     -11.666100       0.028700     -12.132900       0.018800     -11.794900       0.025500
    45     -12.267000       0.016700     -11.699200       0.027900     -12.159700       0.018400     -11.847700       0.024400
    46     -12.297900       0.016200     -11.725600       0.027200     -12.249300       0.017000     -11.854200       0.024200
    47     -12.248900       0.016900     -11.642700       0.029200     -12.133700       0.018800     -11.879900       0.023600
    48     -12.232700       0.017300     -11.623700       0.029900     -12.091100       0.019600     -11.851800       0.024300
    49     -12.100100       0.019400     -11.586300       0.030900     -12.118300       0.019100     -11.835600       0.024600
    50     -12.228700       0.017300     -11.641900       0.029400     -12.130700       0.018900     -11.904900       0.023200
    51     -12.238200       0.017100     -11.617100       0.030000     -12.078600       0.019800     -11.828900       0.024800
    52     -12.214100       0.017500     -11.641100       0.029400     -12.145600       0.018600     -11.920400       0.022800
    53     -12.209300       0.017600     -11.684000       0.028300     -12.109700       0.019300     -11.875600       0.023800
    54     -12.232600       0.017200     -11.645300       0.029200     -12.109500       0.019200     -11.876000       0.023700
    55     -12.252600       0.016900     -11.631200       0.029600     -12.118900       0.019100     -11.833200       0.024700
    56     -12.246000       0.017000     -11.610200       0.030200     -12.134000       0.018800     -11.844100       0.024400
    57     -12.226200       0.017300     -11.650500       0.029100     -12.179100       0.018100     -11.913700       0.023000
    58     -12.219000       0.017400     -11.696700       0.027900     -12.122500       0.019000     -11.949200       0.022200
    59     -12.196800       0.017800     -11.647700       0.029200     -12.141400       0.018700     -11.844300       0.024400
    60     -12.219000       0.017500     -11.612700       0.030200     -12.128100       0.019000     -11.885900       0.023600
    61     -12.225000       0.017400     -11.619200       0.030000     -12.143100       0.018700     -11.901400       0.023200
    62     -12.225600       0.017300     -11.660000       0.028900     -12.135100       0.018800     -11.868600       0.023900
    63     -12.133400       0.018900     -11.566700       0.031500     -12.022800       0.020900     -11.853500       0.024300
    64     -12.164600       0.018300     -11.681200       0.028300     -12.061400       0.020100     -11.758000       0.026400
    65     -12.106000       0.019300     -11.543500       0.032100     -12.046300       0.020400     -11.800500       0.025400
    66     -12.127800       0.018900     -11.575800       0.031200     -11.990600       0.021400     -11.773200       0.026100
    67     -12.165300       0.018300     -11.520600       0.032900     -12.009000       0.021100     -11.769600       0.026200
    68     -12.197300       0.017800     -11.595400       0.030600     -12.042000       0.020400     -11.847100       0.024400
    69     -12.113700       0.019100     -11.531000       0.032400     -12.060000       0.020100     -11.760000       0.026400
    70     -12.151200       0.018500     -11.543200       0.032100     -12.030200       0.020600     -11.842700       0.024500
    71     -12.119900       0.019100     -11.683700       0.028300     -12.114800       0.019100     -11.820400       0.025000
    72     -12.121600       0.019000     -11.614800       0.030100     -12.136200       0.018800     -11.864100       0.024000
    73     -12.111600       0.019200     -11.619600       0.029900     -12.009400       0.021000     -11.814500       0.025100
    74     -12.092100       0.019500     -11.614100       0.030100     -11.977500       0.021700     -11.754100       0.026500
    75     -12.085000       0.019600     -11.574300       0.031200     -12.019000       0.020900     -11.835700       0.024600
    76     -12.067900       0.020000     -11.515900       0.032900     -11.980900       0.021600     -11.785200       0.025800
    77     -12.118200       0.019100     -11.587100       0.030800     -12.037800       0.020500     -11.773500       0.026000
    78     -12.526500       0.013700     -11.952500       0.022900     -12.389800       0.015500     -12.167800       0.018900
    79     -12.551500       0.013100     -11.927100       0.023000     -12.391400       0.015100     -12.141900       0.019000
    80     -12.527900       0.013300     -11.881800       0.023700     -12.372400       0.015300     -12.082200       0.019800
    81     -12.535700       0.013200     -11.880000       0.023800     -12.405100       0.014800     -12.087700       0.019700
    82     -12.518400       0.013400     -11.913300       0.023000     -12.394500       0.014900     -12.111900       0.019200
    83     -12.519900       0.013300     -11.826900       0.024900     -12.322400       0.015900     -12.089100       0.019600
    84     -12.507900       0.013500     -11.871300       0.023900     -12.328000       0.015800     -12.125800       0.019000
    85     -12.532800       0.013200     -11.862900       0.024100     -12.368100       0.015300     -12.051300       0.020300
    86     -12.499300       0.013600     -11.842500       0.024500     -12.340700       0.015700     -12.005100       0.021200
    87     -12.461800       0.014100     -11.832000       0.024800     -12.336700       0.015800     -12.107200       0.019400
    88     -12.475100       0.013900     -11.843400       0.024500     -12.319100       0.016000     -12.063600       0.020100
    89     -12.481400       0.013800     -11.837800       0.024700     -12.308600       0.016200     -12.069000       0.020100
    90     -12.475800       0.013900     -11.831500       0.024800     -12.327500       0.015900     -12.050800       0.020300
    91     -12.448000       0.014200     -11.852300       0.024300     -12.310200       0.016100     -12.035400       0.020600
    92     -12.427900       0.014500     -11.860200       0.024200     -12.291900       0.016400     -12.038700       0.020600
    93     -12.491400       0.013700     -11.914100       0.023000     -12.338300       0.015700     -12.077000       0.019900
    94     -12.491800       0.013700     -11.914600       0.023000     -12.283800       0.016500     -12.004900       0.021200
    95     -12.481300       0.013800     -11.844000       0.024500     -12.314300       0.016000     -12.064400       0.020100
    96     -12.442600       0.014300     -11.831700       0.024800     -12.285500       0.016500     -12.059600       0.020200
    97     -12.379100       0.015100     -11.825600       0.024900     -12.340000       0.015700     -12.079300       0.019800
    98     -12.438000       0.014400     -11.806400       0.025300     -12.360800       0.015400     -12.060700       0.020100
    99     -12.434400       0.014400     -11.858200       0.024100     -12.243100       0.017100     -12.055600       0.020200
   100     -12.442300       0.014300     -11.850900       0.024400     -12.298100       0.016300     -12.050900       0.020300
   101     -12.409800       0.014800     -11.796800       0.025600     -12.267700       0.016800     -12.036400       0.020600
   102     -12.437700       0.014400     -11.822600       0.025000     -12.231000       0.017300     -12.088200       0.019700
   103     -12.417000       0.014600     -11.832700       0.024700     -12.274400       0.016600     -12.026400       0.020800
   104     -12.461300       0.014000     -11.737300       0.026900     -12.239400       0.017100     -12.040800       0.020500
   105     -12.441400       0.014300     -11.807600       0.025300     -12.313900       0.016100     -12.023100       0.020900
   106     -12.465400       0.014000     -11.875500       0.023800     -12.285200       0.016500     -12.019200       0.020900
   107     -12.427600       0.014500     -11.825000       0.024900     -12.314200       0.016000     -12.059000       0.020200
   108     -12.483900       0.013800     -11.769400       0.026300     -12.287200       0.016500     -12.036000       0.020700
   109     -12.427100       0.014500     -11.791400       0.025700     -12.258100       0.016900     -12.102500       0.019400
   110     -12.327900       0.015900     -11.653500       0.029200     -12.182500       0.018100     -11.879500       0.023800
   111     -12.425200       0.014500     -11.844400       0.024500     -12.290300       0.016400     -12.029300       0.020800
   112     -12.415000       0.014700     -11.850500       0.024400     -12.305100       0.016200     -12.040900       0.020600
   113     -12.471700       0.013900     -11.831800       0.024700     -12.286800       0.016400     -12.046200       0.020400
   114     -12.452800       0.014200     -11.836500       0.024600     -12.309400       0.016100     -12.048100       0.020300
   115     -12.439800       0.014300     -11.879200       0.023700     -12.287000       0.016400     -12.036600       0.020600
   116     -12.409600       0.014800     -11.775600       0.026100     -12.313600       0.016100     -12.014700       0.021000
   117     -12.422000       0.014600     -11.768900       0.026300     -12.279500       0.016600     -12.031200       0.020700
   118     -12.391800       0.015000     -11.776300       0.026100     -12.251200       0.017000     -12.078100       0.019900
   119     -12.391700       0.015000     -11.823600       0.025100     -12.257200       0.017000     -11.973200       0.021900
   120     -12.422100       0.014600     -11.844800       0.024500     -12.264800       0.016800     -12.048900       0.020400
   121     -12.407100       0.014800     -11.791000       0.025800     -12.240900       0.017200     -12.040500       0.020600
   122     -12.406000       0.014800     -11.780700       0.026100     -12.256900       0.017000     -12.029400       0.020800
   123     -12.421700       0.014600     -11.779300       0.026000     -12.296100       0.016300     -11.993100       0.021400
   124     -12.413900       0.014700     -11.812300       0.025200     -12.242700       0.017100     -12.007700       0.021100
   125     -12.404700       0.014800     -11.747700       0.026800     -12.239100       0.017200     -12.003200       0.021300
   126     -11.947500       0.022300     -11.765900       0.026300     -12.242100       0.017100     -11.960500       0.022100
   127     -12.402500       0.014800     -11.787700       0.025800     -12.248100       0.017000     -12.002200       0.021200
   128     -12.424000       0.014500     -11.765400       0.026200     -12.223200       0.017400     -11.961500       0.022000
   129     -12.425600       0.014600     -11.645100       0.029400     -12.264900       0.016800     -12.000600       0.021300
   130     -12.407500       0.014800     -11.811200       0.025200     -12.251700       0.017000     -11.970800       0.021800
   131     -12.389500       0.015100     -11.780500       0.026100     -12.220300       0.017500     -11.959400       0.022200
   132     -12.353700       0.015500     -11.749800       0.026700     -12.230900       0.017300     -11.912900       0.023100
   133     -12.399800       0.014800     -11.778600       0.025900     -12.248400       0.017000     -11.934400       0.022500
   134     -12.370500       0.015300     -11.739600       0.026900     -12.212500       0.017600     -11.981200       0.021600
   135     -12.333400       0.015800     -11.731100       0.027200     -12.186400       0.018000     -11.939000       0.022500
   136     -12.392500       0.015000     -11.758600       0.026600     -12.218300       0.017500     -12.004900       0.021300
   137     -12.345100       0.015600     -11.753100       0.026600     -12.166300       0.018300     -11.965800       0.022000
   138     -12.355600       0.015500     -11.777100       0.026000     -12.143700       0.018700     -11.973400       0.021800
   139     -12.303800       0.016200     -11.768900       0.026200     -12.195400       0.017800     -11.985500       0.021500
   140     -12.369600       0.015300     -11.754700       0.026600     -12.166100       0.018300     -11.953700       0.022200
   141     -12.418100       0.014600     -11.772800       0.026100     -12.135800       0.018800     -11.977100       0.021700
   142     -12.387900       0.015000     -11.724900       0.027300     -12.211000       0.017600     -11.917700       0.022900
   143     -12.424300       0.014600     -11.743400       0.026900     -12.236500       0.017200     -11.999100       0.021400
   144     -12.348600       0.015600     -11.734700       0.027200     -12.239300       0.017200     -12.005200       0.021300
   145     -12.318200       0.016000     -11.676600       0.028600     -12.207300       0.017700     -11.939600       0.022500
   146     -12.366000       0.015400     -11.738200       0.027100     -12.215100       0.017600     -11.940500       0.022500
   147     -12.379900       0.015100     -11.704400       0.027800     -12.241200       0.017100     -11.917100       0.023000
   148     -12.347300       0.015600     -11.728600       0.027300     -12.254100       0.017000     -11.957400       0.022200
   149     -12.297200       0.016300     -11.742400       0.026900     -12.189200       0.018000     -12.016800       0.021000
   150     -12.326600       0.015900     -11.746700       0.026800     -12.166400       0.018300     -11.941800       0.022400
   151     -12.336500       0.015700     -11.708800       0.027700     -12.201100       0.017800     -11.990800       0.021500
   152     -12.312800       0.016100     -11.641700       0.029500     -12.165300       0.018400     -11.962000       0.022000
   153     -12.297600       0.016300     -11.697400       0.028000     -12.251600       0.017000     -11.967100       0.021900
   154     -12.316000       0.016000     -11.689800       0.028200     -12.184500       0.018000     -11.992700       0.021400
   155     -12.306600       0.016200     -11.712500       0.027600     -12.159000       0.018500     -11.947900       0.022300
   156     -12.341400       0.015700     -11.698300       0.028000     -12.184100       0.018000     -11.920900       0.022900
   157     -12.335900       0.015600     -11.688100       0.028000     -12.159900       0.018300     -12.051100       0.020200
   158     -12.300400       0.016300     -11.701700       0.027900     -12.189800       0.018000     -11.993400       0.021400
   159     -12.280900       0.016600     -11.730800       0.027200     -11.683800       0.028400     -11.971800       0.021900
   160     -12.268200       0.016800     -11.697400       0.028100     -12.150900       0.018600     -11.957300       0.022200
   161     -12.297300       0.016300     -11.736500       0.027000     -12.175000       0.018200     -12.004500       0.021200
   162     -12.277800       0.016600     -11.691300       0.028200     -12.141300       0.018800     -11.983900       0.021600
   163     -12.269600       0.016700     -11.746400       0.026800     -12.145500       0.018700     -11.955800       0.022200
   164     -12.238800       0.017200     -11.669700       0.028700     -12.125000       0.019000     -11.947500       0.022300
   165     -12.279300       0.016600     -11.697100       0.028000     -12.133900       0.018900     -11.955300       0.022200
   166     -12.261500       0.016900     -11.699100       0.028000     -12.175100       0.018200     -11.967300       0.022000
   167     -12.262300       0.016800     -11.712700       0.027600     -12.209300       0.017600     -11.945400       0.022400
   168     -12.230600       0.017300     -11.703700       0.027800     -12.171300       0.018200     -11.879500       0.023700
   169     -12.272500       0.016600     -11.716000       0.027500     -12.177200       0.018100     -11.915300       0.022900
   170     -12.191800       0.017900     -11.664900       0.028800     -12.131400       0.018900     -11.875600       0.023800
   171     -12.263200       0.016800     -11.726100       0.027300     -12.126300       0.019000     -11.857400       0.024200
   172     -12.290500       0.016400     -11.724900       0.027400     -12.104600       0.019400     -11.939000       0.022500
   173     -12.309300       0.016100     -11.715200       0.027500     -12.157300       0.018500     -11.933400       0.022600
   174     -12.233800       0.017300     -11.685500       0.028300     -12.161800       0.018400     -11.930200       0.022700
   175     -12.272700       0.016700     -11.674200       0.028600     -12.074700       0.019900     -11.541900       0.032200
   176     -12.258100       0.016900     -11.673300       0.028600     -12.100100       0.019500     -11.890200       0.023500
   177     -12.243700       0.017100     -11.687800       0.028200     -12.127700       0.018900     -11.857400       0.024200
   178     -12.281400       0.016600     -11.654200       0.029200     -12.037900       0.020600     -11.949100       0.022300
   179     -12.272100       0.016700     -11.689100       0.028300     -12.126900       0.019100     -11.923400       0.022900
   180     -12.285400       0.016500     -11.549300       0.032000     -12.136100       0.018900     -11.967500       0.021900
   181     -12.274000       0.016700     -11.649100       0.029300     -12.115200       0.019200     -11.874200       0.023900
   182     -12.215500       0.017500     -11.632500       0.029700     -12.070800       0.020000     -11.914400       0.023000
   183     -12.203200       0.017700     -11.648500       0.029300     -12.060400       0.020200     -11.918900       0.022900
   184     -12.244300       0.017100     -11.699400       0.027900     -12.119600       0.019100     -11.927200       0.022700
   185     -12.274900       0.016600     -11.684600       0.028300     -12.103100       0.019400     -11.936300       0.022500
   186     -12.240400       0.017100     -11.680000       0.028400     -12.136900       0.018800     -11.643100       0.029300
   187     -12.206400       0.017700     -11.670000       0.028700     -12.094500       0.019600     -11.841100       0.024600
   188     -12.233700       0.017200     -11.688700       0.028200     -12.128100       0.019000     -11.799400       0.025500
   189     -12.243100       0.017100     -11.647300       0.029300     -12.066900       0.020100     -11.861300       0.024200
   190     -12.256200       0.016900     -11.581100       0.031100     -12.057400       0.020200     -11.786700       0.025800
   191     -12.188300       0.018000     -11.641700       0.029400     -12.091800       0.019600     -11.825700       0.024900
   192     -12.191300       0.017900     -11.600900       0.030500     -12.043100       0.020500     -11.866400       0.024000
   193     -12.211700       0.017600     -11.633500       0.029600     -12.011800       0.021000     -11.832800       0.024700
   194     -11.947000       0.022300     -11.649600       0.029200     -12.100300       0.019500     -11.839800       0.024600
   195     -12.125600       0.018900     -11.561700       0.031500     -12.097900       0.019400     -11.880300       0.023600
   196     -12.185200       0.018000     -11.627800       0.029900     -12.132200       0.018900     -11.875400       0.023900
   197     -12.157700       0.018500     -11.584900       0.031000     -12.081900       0.019800     -11.808900       0.025300
   198     -12.164200       0.017900     -11.511500       0.032300     -12.108700       0.018800     -11.837300       0.024100
   199     -12.093600       0.019000     -11.600600       0.029700     -12.020300       0.020400     -11.793900       0.025000
   200     -12.159500       0.018500     -11.644600       0.029400     -11.962900       0.022000     -11.777600       0.026100
   201     -12.118900       0.019100     -11.641600       0.029400     -12.037600       0.020600     -11.808300       0.025300
   202     -12.079900       0.019800     -11.573400       0.031300     -12.046500       0.020400     -11.850000       0.024300
   203     -11.864600       0.024000     -11.565600       0.031500     -12.024600       0.020800     -11.785600       0.025800
   204     -12.078500       0.019800     -11.645000       0.029400     -11.979000       0.021700     -11.858300       0.024200
   205     -12.123400       0.019100     -11.630000       0.029800     -12.027500       0.020800     -11.827800       0.024900
   206     -12.072000       0.019900     -11.507800       0.033200     -11.956300       0.022100     -11.868200       0.023900
   207     -12.059400       0.020100     -11.526900       0.032600     -11.980200       0.021600     -11.825000       0.024900
   208     -12.057600       0.020200     -11.520800       0.032900     -12.037000       0.020600     -11.791000       0.025700
   209     -12.004800       0.021200     -11.601300       0.030600     -12.085300       0.019700     -11.774000       0.026100
   210     -11.698600       0.027900     -11.489900       0.033700     -12.073400       0.019900     -11.755700       0.026500
   211     -11.987500       0.021500     -11.601400       0.030500     -12.011200       0.021000     -11.723700       0.027300
   212     -12.084500       0.019700     -11.689900       0.028100     -11.970400       0.021800     -11.723300       0.027300
   213     -12.059800       0.020100     -11.540300       0.032200     -11.954800       0.022100     -11.740700       0.026900
   214     -10.636800       0.073500     -11.126000       0.047000     -10.628000       0.074100     -10.377200       0.093200
   215     -11.983100       0.021600     -11.521700       0.032900     -11.995400       0.021400     -11.681200       0.028400
   216     -11.943600       0.022300     -11.563500       0.031500     -11.899100       0.023300     -11.744100       0.026800
   217     -11.970300       0.022000     -11.497600       0.033700     -11.928200       0.022800     -11.678200       0.028600
   218     -12.082400       0.019300     -11.488600       0.033000     -11.938700       0.022000     -11.755600       0.025900
   219     -12.053600       0.020100     -11.695800       0.027800     -11.952900       0.022000     -11.737400       0.026700
   220     -12.009200       0.021300     -11.597000       0.030900     -12.043400       0.020600     -11.716600       0.027700
   221     -11.960900       0.022100     -11.654300       0.029200     -12.027700       0.020800     -11.662000       0.028900
   222     -11.945700       0.022300     -11.505800       0.033200     -11.973600       0.021800     -11.646800       0.029200
   223     -11.949700       0.022200     -11.427800       0.035600     -11.915600       0.022900     -11.679600       0.028300
   224     -11.877000       0.023800     -11.480500       0.034100     -11.901000       0.023300     -11.504900       0.033300
   225     -11.296000       0.040300     -11.466600       0.034500     -11.901200       0.023300     -11.532500       0.032500
   226     -12.416700       0.015000     -11.832000       0.025400     -12.271800       0.017100     -12.031700       0.021200
   227     -12.365200       0.015400     -11.802100       0.025600     -12.194700       0.018000     -12.000000       0.021400
   228     -12.367900       0.015300     -11.806100       0.025300     -12.165600       0.018300     -11.976300       0.021700
   229     -12.293200       0.016300     -11.760100       0.026300     -12.145800       0.018600     -11.948000       0.022200
   230     -12.297400       0.016200     -11.735600       0.026900     -12.141000       0.018700     -11.892300       0.023300
   231     -12.466900       0.014000     -11.854600       0.024300     -12.337700       0.015700     -12.118200       0.019100
   232     -12.458900       0.014100     -11.826100       0.024900     -12.323500       0.015900     -12.094400       0.019600
   233     -12.505500       0.013600     -11.858200       0.024200     -12.322300       0.016000     -12.075700       0.019900
   234     -12.513300       0.013400     -11.866000       0.024000     -12.299500       0.016200     -12.033600       0.020600
   235     -12.485000       0.013800     -11.931400       0.022700     -12.302100       0.016300     -12.054200       0.020300
   236     -12.486400       0.013800     -11.808400       0.025400     -12.293700       0.016400     -12.069900       0.020100
   237     -12.480900       0.013800     -11.806700       0.025300     -12.354100       0.015500     -12.092700       0.019500
   238     -12.488100       0.013800     -11.865700       0.024100     -12.348100       0.015600     -12.070200       0.020000
   239     -12.454900       0.014200     -11.823600       0.025100     -12.378900       0.015200     -12.112300       0.019300
   240     -12.499400       0.013600     -11.873500       0.023900     -12.319400       0.016000     -12.108300       0.019300
   241     -12.478900       0.013800     -11.909000       0.023100     -12.320600       0.015900     -12.050100       0.020300
   242     -12.485100       0.013800     -11.669000       0.028700     -12.376000       0.015200     -12.038600       0.020500
   243     -12.452400       0.014200     -11.870100       0.024000     -12.339100       0.015800     -12.054900       0.020300
   244     -12.516200       0.013400     -11.877800       0.023900     -12.332400       0.015800     -12.060900       0.020200
   245     -12.470800       0.014000     -11.842400       0.024600     -12.270300       0.016700     -12.057300       0.020200
   246     -12.459600       0.014100     -11.847300       0.024500     -12.322800       0.016000     -12.027400       0.020800
   247     -12.456700       0.014100     -11.840900       0.024600     -12.278100       0.016600     -12.030000       0.020700
   248     -12.455100       0.014200     -11.892600       0.023500     -12.276800       0.016600     -12.070100       0.020100
   249     -12.451900       0.014200     -11.828900       0.024900     -12.273500       0.016700     -12.101000       0.019500
   250     -12.461900       0.014100     -11.784200       0.025900     -12.310700       0.016100     -12.070600       0.020000
   251     -12.510700       0.013500     -11.848700       0.024500     -12.279400       0.016600     -12.058700       0.020200
   252     -12.456100       0.014200     -11.860200       0.024300     -12.330500       0.015900     -12.009600       0.021200
   253     -12.474300       0.013900     -11.858000       0.024300     -12.327200       0.015900     -12.084500       0.019800
   254     -12.450300       0.014200     -11.879300       0.023800     -12.316300       0.016000     -12.074500       0.019900
   255     -12.471800       0.014000     -11.775500       0.026100     -12.270700       0.016700     -12.040700       0.020600
   256     -12.478000       0.013900     -11.840000       0.024600     -12.277700       0.016600     -12.066500       0.020100
   257     -12.419100       0.014600     -11.848100       0.024400     -12.301200       0.016200     -12.002100       0.021300
   258     -12.437700       0.014400     -11.838600       0.024700     -12.300900       0.016300     -11.965600       0.022000
   259     -12.461000       0.014100     -11.791600       0.025700     -12.228500       0.017300     -12.047900       0.020400
   260     -12.443700       0.014300     -11.811600       0.025200     -12.267000       0.016700     -12.055500       0.020200
   261     -12.432200       0.014500     -11.839600       0.024700     -12.280200       0.016600     -12.098600       0.019500
   262     -12.395500       0.014900     -11.798200       0.025500     -12.251200       0.017000     -12.013400       0.021000
   263     -12.398400       0.014900     -11.788800       0.025800     -12.273300       0.016700     -12.036900       0.020600
   264     -12.435700       0.014400     -11.840000       0.024700     -12.270100       0.016800     -12.044900       0.020500
   265     -12.406600       0.014800     -11.867900       0.024000     -12.260300       0.016900     -12.068500       0.020000
   266     -12.422400       0.014600     -11.764100       0.026400     -12.240700       0.017100     -11.977800       0.021700
   267     -12.405000       0.014800     -11.760200       0.026400     -12.229300       0.017300     -12.075600       0.019900
   268     -12.379000       0.015100     -11.826600       0.024900     -12.210700       0.017600     -11.993200       0.021400
   269     -12.355600       0.015500     -11.792000       0.025700     -12.199500       0.017800     -12.040300       0.020500
   270     -12.372400       0.015200     -11.765800       0.026300     -12.160600       0.018400     -11.982700       0.021600
   271     -12.390700       0.015000     -11.768600       0.026300     -12.255800       0.016900     -11.968100       0.021900
   272     -12.359300       0.015400     -11.818500       0.025100     -12.260000       0.016800     -11.938100       0.022500
   273     -12.386500       0.015000     -11.790700       0.025700     -12.003000       0.021200     -11.939100       0.022500
   274     -12.385400       0.015100     -11.731600       0.027100     -12.235000       0.017200     -11.946200       0.022300
   275     -12.338600       0.015700     -11.777400       0.026100     -12.247200       0.017100     -11.958800       0.022100
   276     -12.300100       0.016300     -11.675800       0.028600     -12.221100       0.017500     -11.965100       0.022000
   277     -12.309400       0.016000     -11.759300       0.026300     -12.215900       0.017400     -11.935400       0.022400
   278     -12.314600       0.016100     -11.729600       0.027200     -12.236300       0.017200     -11.924500       0.022800
   279     -12.296700       0.016300     -11.737800       0.027000     -12.256200       0.016900     -11.952100       0.022200
   280     -12.298500       0.016300     -11.782000       0.025900     -12.188300       0.017900     -11.906000       0.023100
   281     -12.299900       0.016200     -11.740400       0.026900     -12.205200       0.017700     -11.930200       0.022600
   282     -12.310200       0.016100     -11.745100       0.026800     -12.162000       0.018400     -11.992700       0.021400
   283     -12.323200       0.015900     -11.765700       0.026300     -12.187200       0.018000     -11.934900       0.022500
   284     -12.344400       0.015600     -11.728900       0.027100     -12.173400       0.018200     -11.938600       0.022500
   285     -12.307100       0.016100     -11.734000       0.027000     -12.174600       0.018100     -11.889200       0.023400
   286     -12.298400       0.016300     -11.719900       0.027400     -12.179900       0.018100     -11.860200       0.024100
   287     -12.314000       0.016000     -11.670000       0.028700     -12.174900       0.018200     -11.920000       0.022900
   288     -12.259700       0.016900     -11.743700       0.026900     -12.176800       0.018200     -11.870500       0.024000
   289     -12.272000       0.016700     -11.700100       0.027900     -12.114600       0.019200     -11.853800       0.024300
   290     -12.246700       0.017000     -11.753200       0.026600     -12.140100       0.018700     -11.931700       0.022600
   291     -12.240800       0.017100     -11.716200       0.027500     -12.122800       0.019000     -11.899900       0.023300
   292     -12.564300       0.013000     -11.939300       0.022900     -12.396700       0.015100     -12.178400       0.018400
   293     -12.535100       0.013200     -11.928300       0.022800     -12.382500       0.015200     -12.161900       0.018500
   294     -12.474100       0.014000     -11.843800       0.024600     -12.328100       0.015900     -11.811800       0.025300
   295     -12.497300       0.013700     -11.913700       0.023100     -12.369000       0.015300     -12.084900       0.019800
   296     -12.519000       0.013400     -11.886100       0.023700     -12.377000       0.015200     -12.125400       0.019100
   297     -12.546400       0.013000     -11.887600       0.023500     -12.350700       0.015500     -12.125100       0.019000
   298     -12.533800       0.013200     -11.853900       0.024300     -12.352200       0.015500     -12.114200       0.019200
   299     -12.532600       0.013200     -11.899200       0.023300     -12.340900       0.015700     -12.079400       0.019800
   300     -12.518000       0.013400     -11.884300       0.023700     -12.312200       0.016100     -12.087800       0.019700
   301     -12.481500       0.013900     -11.890300       0.023600     -12.329600       0.015900     -12.093500       0.019600
   302     -12.528100       0.013300     -11.846100       0.024500     -12.358000       0.015400     -12.081900       0.019800
   303     -12.480200       0.013900     -11.902600       0.023300     -12.331800       0.015800     -12.110700       0.019300
   304     -12.487700       0.013800     -11.835800       0.024700     -12.341600       0.015700     -12.071200       0.020000
   305     -12.478800       0.013800     -11.887800       0.023500     -12.335400       0.015700     -12.084400       0.019700
   306     -12.455500       0.014200     -11.900900       0.023400     -12.304300       0.016300     -12.078600       0.019900
   307     -12.487500       0.013700     -11.879600       0.023700     -12.298800       0.016300     -12.030100       0.020700
   308     -12.459200       0.014100     -11.823200       0.025000     -12.285200       0.016500     -12.083400       0.019800
   309     -12.473000       0.013900     -11.862900       0.024100     -12.321800       0.015900     -12.035500       0.020600
   310     -12.445900       0.014300     -11.873300       0.023900     -12.325600       0.015900     -12.070700       0.020000
   311     -12.448400       0.014200     -11.836400       0.024700     -12.359000       0.015400     -12.066300       0.020100
   312     -12.427800       0.014500     -11.852200       0.024300     -12.332700       0.015800     -12.063900       0.020100
   313     -12.485800       0.013800     -11.854000       0.024300     -12.291100       0.016400     -12.081700       0.019800
   314     -12.435500       0.014400     -11.833000       0.024800     -12.284500       0.016500     -12.069000       0.020000
   315     -12.454000       0.014200     -11.596800       0.030700     -12.310600       0.016100     -12.077400       0.019900
   316     -12.458300       0.014200     -11.835100       0.024800     -12.344900       0.015700     -12.079500       0.019900
   317     -12.479300       0.013900     -11.807700       0.025400     -12.298900       0.016300     -12.123100       0.019100
   318     -12.463700       0.014100     -11.818000       0.025200     -12.315800       0.016100     -12.057500       0.020300
   319     -12.456600       0.014100     -11.872300       0.023900     -12.288300       0.016400     -12.056800       0.020200
   320     -12.431400       0.014500     -11.820100       0.025100     -12.301000       0.016300     -12.070000       0.020000
   321     -12.477900       0.013900     -11.852800       0.024400     -12.322700       0.016000     -12.099000       0.019500
   322     -12.412400       0.014700     -11.821900       0.025000     -12.313700       0.016100     -12.029700       0.020800
   323     -12.482200       0.013800     -11.874100       0.023900     -12.322300       0.016000     -12.046200       0.020500
   324     -12.499100       0.013700     -11.917300       0.023000     -12.334900       0.015800     -12.194100       0.017900
   325     -12.463300       0.014100     -11.885500       0.023700     -12.362000       0.015400     -12.085300       0.019800
   326     -12.516900       0.013400     -11.819900       0.025100     -12.355900       0.015500     -12.040000       0.020600
   327     -12.472100       0.014000     -11.837400       0.024700     -12.344400       0.015700     -12.052100       0.020400
   328     -12.435300       0.014400     -11.834500       0.024700     -12.334900       0.015700     -12.056200       0.020200
   329     -12.469600       0.014000     -11.815500       0.025200     -12.336900       0.015800     -12.083200       0.019800
   330     -12.461700       0.014100     -11.811700       0.025200     -12.310600       0.016100     -12.066900       0.020000
   331     -12.459100       0.014100     -11.788600       0.025900     -12.327600       0.015900     -12.072100       0.020000
   332     -12.495100       0.013700     -11.809800       0.025300     -12.316500       0.016000     -12.025000       0.020800
   333     -12.568500       0.012800     -11.817900       0.025100     -12.340500       0.015700     -12.090000       0.019600
   334     -12.646000       0.011900     -11.821300       0.025000     -12.311900       0.016100     -12.068200       0.020000
   335     -12.497100       0.013700     -11.814000       0.025300     -12.307400       0.016200     -12.069700       0.020100
   336     -12.495700       0.013700     -11.841200       0.024600     -12.331200       0.015800     -12.114300       0.019200
   337     -12.465000       0.014100     -11.778200       0.026100     -12.293900       0.016400     -12.004100       0.021300
   338     -12.480400       0.013900     -11.834200       0.024800     -12.291400       0.016400     -12.055400       0.020300
   339     -12.473000       0.014000     -11.820300       0.025200     -12.293300       0.016500     -12.052600       0.020400
   340     -12.447700       0.014300     -11.833200       0.024800     -12.285200       0.016500     -12.060800       0.020200
   341     -12.432700       0.014500     -11.807100       0.025500     -12.278800       0.016600     -12.102900       0.019500
   342     -12.452400       0.014200     -11.736500       0.027100     -12.297600       0.016400     -12.059200       0.020300
   343     -11.351300       0.038400     -11.800400       0.025600     -12.267700       0.016800     -12.038800       0.020600
   344     -12.413900       0.014700     -11.780700       0.026000     -12.303400       0.016200     -12.092500       0.019600
   345     -12.411400       0.014800     -11.801500       0.025600     -12.286100       0.016500     -11.933900       0.022700
   346     -12.405000       0.014900     -11.739800       0.027000     -12.304600       0.016300     -12.119900       0.019200
   347     -12.438900       0.014400     -11.779700       0.026100     -12.266500       0.016900     -12.060600       0.020300
   348     -12.425600       0.014600     -11.784400       0.026000     -12.307400       0.016200     -12.049000       0.020500
   349     -12.439000       0.014400     -11.848300       0.024500     -12.332000       0.015900     -12.066400       0.020100
   350     -12.411600       0.014800     -11.756600       0.026700     -12.265100       0.016900     -11.988200       0.021700
   351     -12.418800       0.014700     -11.758900       0.026600     -12.257500       0.017000     -12.082000       0.019900
   352     -12.400800       0.014900     -11.762900       0.026500     -12.268700       0.016800     -12.013900       0.021100
   353     -12.406800       0.014900     -11.803900       0.025600     -12.253200       0.017100     -12.024000       0.021000
   354     -12.413400       0.014700     -11.764900       0.026400     -12.232600       0.017300     -11.970800       0.021900
   355     -12.413400       0.014700     -11.749700       0.026800     -12.227700       0.017400     -12.040500       0.020600
   356     -12.432400       0.014500     -11.785000       0.025900     -12.268000       0.016800     -11.998900       0.021400
   357     -12.427500       0.014500     -11.758000       0.026500     -12.283000       0.016500     -12.086800       0.019700
   358     -12.416000       0.014700     -11.806400       0.025500     -12.234200       0.017300     -11.961200       0.022200
   359     -12.355900       0.015500     -11.796200       0.025600     -12.205900       0.017700     -12.035700       0.020600
   360     -12.365000       0.015500     -11.791300       0.025900     -12.267300       0.016900     -12.098400       0.019600
   361     -12.417500       0.014700     -11.785800       0.025900     -12.246500       0.017100     -11.975900       0.021800
   362     -12.416500       0.014700     -11.773500       0.026300     -12.265600       0.016900     -11.970000       0.022000
   363     -12.329000       0.015900     -11.765500       0.026500     -12.235100       0.017400     -11.997500       0.021500
   364     -12.384000       0.015100     -11.835500       0.024800     -12.241200       0.017200     -11.982800       0.021700
   365     -12.393600       0.015000     -11.757000       0.026600     -12.225000       0.017400     -11.990500       0.021500
   366     -12.381800       0.015200     -11.772800       0.026300     -12.234600       0.017300     -12.018800       0.021000
   367     -12.381800       0.015100     -11.785100       0.025900     -12.264700       0.016800     -12.070600       0.020000
   368     -12.384200       0.015200     -11.741600       0.027000     -12.257800       0.017000     -12.001300       0.021400
   369     -12.425700       0.014600     -11.786400       0.025900     -12.226100       0.017400     -12.037600       0.020600
   370     -12.439200       0.014400     -11.738100       0.027000     -12.269300       0.016700     -11.974300       0.021800
   371     -12.428300       0.014600     -11.796800       0.025700     -12.274600       0.016700     -12.019700       0.021000
   372     -12.358900       0.015500     -11.732900       0.027300     -12.263600       0.016900     -11.965100       0.022100
   373     -12.381200       0.015200     -11.749500       0.026800     -12.274800       0.016700     -12.021700       0.020900
   374     -12.345600       0.015600     -11.717600       0.027600     -12.192800       0.018000     -11.965300       0.022000
   375     -12.356800       0.015500     -11.771900       0.026300     -12.228400       0.017400     -12.040400       0.020600
   376     -12.359300       0.015500     -11.763800       0.026400     -12.249800       0.017100     -11.996200       0.021400
   377     -12.366500       0.015400     -11.721800       0.027500     -12.225100       0.017500     -11.966300       0.022100
   378     -12.349200       0.015600     -11.724700       0.027400     -12.226600       0.017400     -12.000500       0.021400
   379     -12.419500       0.014600     -11.731200       0.027200     -12.195000       0.017900     -11.974500       0.021800
   380     -12.350800       0.015600     -11.759800       0.026600     -12.204100       0.017800     -11.960400       0.022200
   381     -12.594400       0.012900     -11.988800       0.022300     -12.427000       0.015000     -12.221400       0.018100
   382     -12.577900       0.012900     -11.953600       0.022500     -12.426200       0.014700     -12.228800       0.017600
   383     -12.522800       0.013400     -11.905200       0.023400     -12.360900       0.015500     -12.167700       0.018400
   384     -12.500100       0.013700     -11.879700       0.023900     -12.394600       0.015100     -12.150100       0.018700
   385     -12.524500       0.013400     -11.852100       0.024400     -12.382900       0.015200     -12.093100       0.019700
   386     -12.522200       0.013400     -11.851200       0.024400     -12.349000       0.015600     -12.144900       0.018700
   387     -12.474600       0.013900     -11.893300       0.023500     -12.337200       0.015800     -12.063500       0.020200
   388     -12.485500       0.013800     -11.878900       0.023800     -12.361600       0.015400     -11.867100       0.024000
   389     -12.515900       0.013400     -11.857700       0.024300     -12.346900       0.015600     -12.111500       0.019300
   390     -12.533400       0.013300     -11.875100       0.024000     -12.365600       0.015400     -12.122200       0.019200
   391     -12.518800       0.013400     -11.873600       0.023900     -12.359400       0.015500     -12.097000       0.019600
   392     -12.531900       0.013200     -11.894200       0.023500     -12.338400       0.015700     -12.161900       0.018400
   393     -12.565400       0.012900     -11.823300       0.025100     -12.340500       0.015700     -12.141300       0.018800
   394     -12.526500       0.013300     -11.894100       0.023600     -12.352000       0.015600     -12.204400       0.017800
   395     -12.537600       0.013200     -11.887800       0.023600     -12.359300       0.015400     -12.090000       0.019700
   396     -12.457000       0.014200     -11.861300       0.024200     -12.314100       0.016100     -12.144400       0.018800
   397     -12.477700       0.013900     -11.874600       0.023900     -12.359900       0.015500     -12.184400       0.018100
   398     -12.462100       0.014100     -11.837200       0.024800     -12.349800       0.015600     -12.172900       0.018300
   399     -12.489500       0.013800     -11.824200       0.025100     -12.416100       0.014700     -12.164900       0.018400
   400     -12.486100       0.013800     -11.874100       0.024000     -12.332500       0.015900     -12.086900       0.019800
   401     -12.492500       0.013700     -11.867900       0.024100     -12.365300       0.015400     -12.090300       0.019700
   402     -12.505100       0.013600     -11.826600       0.025000     -12.338900       0.015800     -12.134600       0.019000
   403     -12.480000       0.013900     -11.810100       0.025400     -12.384800       0.015100     -12.093500       0.019700
   404     -12.513400       0.013500     -11.815400       0.025200     -12.343700       0.015700     -12.096900       0.019600
   405     -12.495200       0.013700     -11.860100       0.024300     -12.337100       0.015800     -12.119600       0.019200
   406     -12.474600       0.014000     -11.729100       0.027300     -12.329100       0.015900     -12.119300       0.019200
   407     -12.501800       0.013600     -11.881800       0.023800     -12.332700       0.015800     -12.073000       0.020000
   408     -12.449800       0.014300     -11.904800       0.023300     -12.360200       0.015400     -12.121400       0.019100
   409     -12.486600       0.013800     -11.837400       0.024700     -12.371500       0.015300     -12.126400       0.019000
   410     -12.513100       0.013500     -11.798000       0.025700     -12.318900       0.016000     -12.148000       0.018700
   411     -12.477800       0.013900     -11.865500       0.024200     -12.304600       0.016300     -12.157800       0.018600
   412     -12.487000       0.013800     -11.836700       0.024800     -12.325000       0.016000     -12.155000       0.018600
   413     -12.494200       0.013700     -11.875100       0.023900     -12.318800       0.016000     -12.104900       0.019400
   414     -12.501400       0.013600     -11.884200       0.023700     -12.320000       0.016000     -12.108700       0.019400
   415     -12.495000       0.013700     -11.844200       0.024700     -12.319200       0.016100     -12.152700       0.018700
   416     -12.503300       0.013600     -11.887700       0.023600     -12.306900       0.016200     -12.065400       0.020100
   417     -12.463600       0.014100     -11.848300       0.024500     -12.335200       0.015800     -12.100000       0.019500
   418     -12.477100       0.014000     -11.821700       0.025200     -12.353800       0.015600     -12.115400       0.019300
   419     -12.445600       0.014300     -11.847100       0.024500     -12.302600       0.016300     -12.065700       0.020100
   420     -12.521000       0.013300     -11.790500       0.025700     -12.275000       0.016600     -12.091500       0.019600
   421     -12.475700       0.014000     -11.780100       0.026100     -12.303100       0.016300     -12.072800       0.020000
   422     -12.513600       0.013500     -11.772900       0.026200     -12.306400       0.016200     -12.093100       0.019600
   423     -12.493100       0.013700     -11.814500       0.025300     -12.268000       0.016800     -12.040900       0.020600
   424     -12.454300       0.014200     -11.891600       0.023600     -12.329300       0.015900     -12.057700       0.020300
   425     -12.454500       0.014200     -11.845400       0.024600     -12.261000       0.016900     -12.090500       0.019700
   426     -12.430000       0.014600     -11.763600       0.026500     -12.313400       0.016100     -12.127400       0.019100
   427     -12.458000       0.014200     -11.816600       0.025300     -12.251600       0.017100     -12.112100       0.019400
   428     -12.432300       0.014500     -11.780100       0.026200     -12.275900       0.016700     -12.058500       0.020300
   429     -12.456600       0.014200     -11.854200       0.024400     -12.271300       0.016800     -12.111100       0.019400
   430     -12.437600       0.014400     -11.826400       0.025000     -12.278800       0.016600     -12.079300       0.019900
   431     -12.493900       0.013700     -11.824400       0.025100     -12.233200       0.017400     -12.097100       0.019600
   432     -12.519900       0.013400     -11.876800       0.023800     -12.262100       0.016800     -12.116000       0.019200
   433     -12.411800       0.014700     -11.836700       0.024700     -12.276000       0.016700     -12.092400       0.019600
   434     -12.495900       0.013700     -11.853000       0.024400     -12.317000       0.016100     -12.047100       0.020500
   435     -12.478000       0.013900     -11.850700       0.024400     -12.301600       0.016300     -12.125500       0.019100
   436     -12.484000       0.013900     -11.835800       0.024900     -12.347300       0.015700     -12.083200       0.019900
   437     -12.519300       0.013500     -11.861700       0.024300     -12.312900       0.016200     -12.001100       0.021400
   438     -12.425100       0.014600     -11.819900       0.025200     -12.265500       0.016900     -12.073000       0.020100
   439     -12.464300       0.014100     -11.830000       0.025000     -12.287800       0.016500     -12.068000       0.020200
   440     -12.453300       0.014300     -11.847900       0.024600     -12.265400       0.016900     -12.118300       0.019300
   441     -12.475500       0.014000     -11.818600       0.025200     -12.268000       0.016800     -12.023700       0.021000
   442     -12.463300       0.014100     -11.781800       0.026100     -12.284000       0.016600     -11.989400       0.021600
   443     -12.420300       0.014700     -11.842900       0.024700     -12.293500       0.016500     -12.008600       0.021300
   444     -12.413100       0.014700     -11.801400       0.025500     -12.304200       0.016200     -12.053900       0.020300
   445     -12.416000       0.014700     -11.752400       0.026700     -12.290600       0.016400     -12.126300       0.019000
   446     -12.391000       0.015100     -11.813600       0.025300     -12.270000       0.016800     -12.036100       0.020700
   447     -12.508800       0.013600     -11.745200       0.027000     -12.295700       0.016400     -12.027600       0.020900
   448     -12.447400       0.014300     -11.835100       0.024900     -12.302400       0.016300     -12.023800       0.021000
   449     -12.445500       0.014300     -11.820200       0.025200     -12.311700       0.016200     -12.040100       0.020600
   450     -12.446900       0.014300     -11.758200       0.026600     -12.303200       0.016300     -11.953100       0.022300
   451     -12.428800       0.014600     -11.785800       0.026000     -12.292400       0.016500     -12.057300       0.020300
   452     -12.434100       0.014500     -11.769600       0.026400     -12.248500       0.017100     -12.017100       0.021100
   453     -12.362100       0.015400     -11.754700       0.026700     -12.232200       0.017300     -12.008100       0.021200
   454     -12.465300       0.014100     -11.800900       0.025600     -12.315100       0.016100     -12.016100       0.021100
   455     -12.384600       0.015100     -11.793300       0.025700     -12.259100       0.016900     -11.983300       0.021700
   456     -12.438200       0.014400     -11.743800       0.027000     -12.208000       0.017700     -12.058200       0.020300
   457     -12.421500       0.014700     -11.755700       0.026700     -12.250700       0.017100     -12.040000       0.020700
   458     -12.399200       0.014900     -11.804300       0.025500     -12.268000       0.016800     -12.050300       0.020400
   459     -12.378800       0.015200     -11.787500       0.026000     -12.222800       0.017500     -12.092800       0.019700
   460     -12.430100       0.014500     -11.818600       0.025200     -12.220300       0.017600     -12.007300       0.021300
   461     -12.436600       0.014500     -11.799000       0.025700     -12.278500       0.016700     -12.032900       0.020800
   462     -12.368500       0.015400     -11.771200       0.026300     -12.274800       0.016700     -12.070800       0.020100
   463     -12.382400       0.015200     -11.704300       0.028000     -12.239700       0.017200     -11.995400       0.021500
   464     -12.410300       0.014800     -11.779200       0.026100     -12.214500       0.017600     -12.040800       0.020600
   465     -12.375800       0.015300     -11.741700       0.027000     -12.286500       0.016500     -11.957400       0.022300
   466     -12.405200       0.014900     -11.776800       0.026200     -12.277600       0.016700     -12.059600       0.020300
   467     -12.430700       0.014500     -11.798800       0.025600     -12.281500       0.016600     -12.046700       0.020500
   468     -12.357500       0.015500     -11.777100       0.026100     -12.273400       0.016700     -12.050900       0.020400
   469     -12.402100       0.014900     -11.713800       0.027700     -12.234200       0.017300     -12.046200       0.020500
   470     -12.413400       0.014800     -11.720900       0.027600     -12.241500       0.017300     -12.026500       0.021000
   471     -12.430700       0.014600     -11.738500       0.027200     -12.243500       0.017200     -11.984700       0.021700
   472     -12.434100       0.014400     -11.725000       0.027400     -12.219800       0.017500     -11.933400       0.022700
   473     -12.426000       0.014600     -11.751300       0.026800     -12.253800       0.017000     -11.990700       0.021600
   474     -12.414300       0.014700     -11.700200       0.028000     -12.200000       0.017800     -12.011100       0.021100
   475     -12.412400       0.014800     -11.788800       0.025900     -12.227600       0.017400     -12.045700       0.020500
   476     -12.436500       0.014400     -11.793400       0.025700     -12.243100       0.017200     -11.998700       0.021400
   477     -12.463800       0.014000     -11.791400       0.025700     -12.251000       0.017000     -12.053900       0.020300
   478     -12.396500       0.015000     -11.717200       0.027600     -12.187900       0.018000     -12.048000       0.020400
   479     -12.395400       0.015000     -11.735900       0.027100     -12.196900       0.017900     -12.020200       0.021000
   480     -12.331000       0.015900     -11.765400       0.026400     -12.148100       0.018700     -12.044500       0.020500
   481     -12.271900       0.016700     -11.755800       0.026700     -12.165700       0.018400     -11.959700       0.022200
   482     -12.359100       0.015500     -11.747300       0.026900     -12.172200       0.018400     -11.960400       0.022200
   483     -12.396600       0.014900     -11.769300       0.026300     -12.206400       0.017700     -12.001300       0.021300
   484     -12.413800       0.014800     -11.710200       0.027800     -12.202900       0.017800     -12.000600       0.021400
   485     -12.396500       0.015000     -11.752900       0.026700     -12.239500       0.017200     -11.999700       0.021400
   486     -12.372600       0.015300     -11.757500       0.026600     -12.219900       0.017500     -11.945200       0.022500
   487     -12.446300       0.014400     -11.845800       0.024700     -12.239100       0.017300     -12.010900       0.021200
   488     -12.415600       0.014700     -11.760900       0.026600     -12.258200       0.017000     -11.993000       0.021500
   489     -12.460200       0.014200     -11.754200       0.026800     -12.252900       0.017100     -11.911700       0.023200
   490     -12.443900       0.014300     -11.762900       0.026500     -12.228000       0.017400     -11.968200       0.022000
   491     -12.398000       0.015000     -11.780600       0.026100     -12.242800       0.017200     -11.980900       0.021800
   492     -12.430100       0.014500     -11.809900       0.025400     -12.221200       0.017500     -11.639900       0.029600
   493     -12.381700       0.015200     -11.772800       0.026300     -12.187200       0.018100     -12.016200       0.021100
   494     -12.437200       0.014400     -11.738900       0.027100     -12.270900       0.016800     -12.013100       0.021100
   495     -12.447600       0.014300     -11.704900       0.028000     -12.225600       0.017500     -12.012800       0.021200
   496     -12.397400       0.015000     -11.738000       0.027100     -12.241700       0.017200     -11.978700       0.021800
   497     -12.418500       0.014700     -11.755400       0.026700     -12.215200       0.017600     -11.968300       0.022000
   498     -12.429500       0.014500     -11.765500       0.026400     -12.215700       0.017600     -11.990000       0.021600
   499     -12.368300       0.015400     -11.779300       0.026200     -12.264200       0.016900     -11.990700       0.021600
   500     -12.413800       0.014700     -11.774800       0.026200     -12.212700       0.017700     -12.046800       0.020500
   501     -12.406300       0.014900     -11.731100       0.027300     -12.254600       0.017000     -12.008200       0.021300
   502     -12.382300       0.015200     -11.780500       0.026100     -12.257800       0.017000     -11.946200       0.022500
   503     -12.369700       0.015300     -11.679500       0.028500     -12.260400       0.016900     -11.997100       0.021400
   504     -12.354400       0.015500     -11.712600       0.027700     -12.193400       0.017900     -11.982200       0.021700
   505     -12.378000       0.015200     -11.742900       0.027000     -12.254000       0.017000     -11.987000       0.021700
   506     -12.379000       0.015200     -11.783000       0.026000     -12.256400       0.017000     -11.966400       0.022100
   507     -12.370400       0.015300     -11.688900       0.028300     -12.172500       0.018300     -11.956200       0.022200
   508     -12.384900       0.015100     -11.780700       0.026000     -12.187200       0.018000     -11.913100       0.023100
   509     -12.339700       0.015800     -11.707500       0.027900     -12.223500       0.017500     -11.915800       0.023100
   510     -12.388300       0.015100     -11.684900       0.028500     -12.203700       0.017900     -11.919800       0.023100
   511     -12.358300       0.015500     -11.767000       0.026400     -12.241700       0.017200     -11.954600       0.022200
   512     -12.346600       0.015700     -11.679600       0.028600     -12.197800       0.017900     -11.905900       0.023300
   513     -12.363700       0.015400     -11.804300       0.025500     -12.221200       0.017500     -11.952900       0.022300
   514     -12.313700       0.016100     -11.812900       0.025300     -12.246500       0.017100     -11.979700       0.021800
   515     -12.381000       0.015200     -11.731400       0.027300     -12.225400       0.017500     -11.956300       0.022300
   516     -12.369400       0.015300     -11.779900       0.026100     -12.201200       0.017800     -11.974300       0.021900
   517     -12.330700       0.015900     -11.753100       0.026800     -12.191200       0.018000     -11.887900       0.023700
   518     -12.333700       0.015800     -11.677400       0.028600     -12.143800       0.018800     -11.941600       0.022500
   519     -12.343900       0.015700     -11.715800       0.027700     -12.159500       0.018600     -11.902700       0.023400
   520     -12.351100       0.015600     -11.735200       0.027200     -12.161700       0.018500     -11.984300       0.021800
   521     -12.338500       0.015800     -11.770900       0.026400     -12.208600       0.017800     -11.934400       0.022800
   522     -12.369800       0.015300     -11.814900       0.025200     -12.192700       0.018000     -11.991200       0.021500
   523     -12.356700       0.015500     -11.751700       0.026800     -12.194500       0.018000     -11.938900       0.022600
   524     -12.370100       0.015400     -11.689900       0.028400     -12.161600       0.018600     -11.983600       0.021800
   525     -12.348200       0.015700     -11.804700       0.025600     -12.160400       0.018500     -11.988800       0.021700
   526     -12.195700       0.017900     -11.769400       0.026400     -12.154400       0.018600     -11.922400       0.022900
   527     -12.268800       0.016800     -11.571400       0.031600     -12.104900       0.019500     -11.894800       0.023600
   528     -12.372000       0.015300     -11.696700       0.028200     -12.191600       0.018000     -11.905600       0.023300
   529     -12.318300       0.016100     -11.714300       0.027700     -12.210000       0.017700     -11.917000       0.023100
   530     -12.322400       0.016000     -11.732000       0.027300     -12.171000       0.018300     -11.939100       0.022600
   531     -12.338400       0.015800     -11.769600       0.026400     -12.132700       0.019100     -11.869100       0.024200
   532     -12.313300       0.016200     -11.691700       0.028300     -12.185300       0.018100     -11.956400       0.022300
   533     -12.293700       0.016400     -11.740100       0.027100     -12.197600       0.017900     -11.959600       0.022200
   534     -12.312200       0.016200     -11.679600       0.028700     -12.204200       0.017900     -11.872800       0.024100
   535     -12.276500       0.016700     -11.731900       0.027300     -12.152600       0.018700     -11.887400       0.023700
   536     -12.284900       0.016600     -11.707100       0.028000     -12.169300       0.018500     -11.901100       0.023500
   537     -12.353900       0.015600     -11.694700       0.028200     -12.174500       0.018300     -11.894900       0.023500
   538     -12.332700       0.015900     -11.828200       0.025000     -12.158900       0.018600     -11.881400       0.023900
   539     -12.296800       0.016400     -11.690400       0.028400     -12.123400       0.019200     -11.892100       0.023600
   540     -12.271200       0.016800     -11.699400       0.028100     -12.157700       0.018600     -11.880000       0.023900
   541     -12.276000       0.016700     -11.655200       0.029200     -12.123500       0.019100     -11.876600       0.023900
   542     -12.284800       0.016600     -11.701200       0.028100     -12.152600       0.018700     -11.888100       0.023700
   543     -12.303600       0.016300     -11.716300       0.027700     -12.168700       0.018400     -11.843600       0.024700
   544     -12.267000       0.016800     -11.661300       0.029100     -12.118300       0.019200     -11.843600       0.024700
   545     -12.303000       0.016300     -11.611600       0.030500     -12.140500       0.018900     -11.836200       0.024900
   546     -12.310200       0.016200     -11.711500       0.027800     -12.150500       0.018700     -11.878800       0.023900
   547     -12.568900       0.013300     -11.921300       0.023800     -12.349800       0.016200     -12.260800       0.017500
   548     -12.536900       0.013400     -11.867900       0.024400     -12.383000       0.015300     -12.150500       0.018900
   549     -12.483700       0.014000     -11.803800       0.025700     -12.344400       0.015800     -12.097000       0.019700
   550     -12.490700       0.013800     -11.841000       0.024800     -12.280500       0.016700     -12.101500       0.019600
   551     -12.528400       0.013400     -11.856200       0.024400     -12.331600       0.015900     -12.140000       0.018900
   552     -12.495400       0.013700     -11.827600       0.025100     -12.308500       0.016200     -12.147500       0.018800
   553     -12.500200       0.013700     -11.822400       0.025100     -12.293100       0.016400     -12.144800       0.018800
   554     -12.525300       0.013400     -11.840800       0.024700     -12.269900       0.016800     -12.070400       0.020100
   555     -12.459100       0.014100     -11.826100       0.025000     -12.309300       0.016200     -12.124600       0.019100
   556     -12.490900       0.013800     -11.827200       0.025000     -12.262200       0.016900     -12.140600       0.018900
   557     -12.471200       0.014000     -11.829100       0.025000     -12.309400       0.016200     -12.128000       0.019100
   558     -12.456600       0.014200     -11.860400       0.024200     -12.318000       0.016100     -12.095400       0.019600
   559     -12.472300       0.014000     -11.839900       0.024700     -12.293900       0.016400     -12.135200       0.019000
   560     -12.444300       0.014300     -11.825800       0.025000     -12.263400       0.016800     -12.061000       0.020200
   561     -12.485200       0.013800     -11.795800       0.025700     -12.255200       0.017000     -12.124500       0.019100
   562     -12.483300       0.013900     -11.810700       0.025400     -12.341300       0.015800     -12.055400       0.020400
   563     -12.454600       0.014200     -11.841100       0.024700     -12.315200       0.016100     -12.098700       0.019600
   564     -12.489000       0.013800     -11.825800       0.025000     -12.338100       0.015800     -12.119000       0.019200
   565     -12.491100       0.013800     -11.833000       0.025000     -12.317700       0.016100     -12.090900       0.019800
   566     -12.437400       0.014400     -11.849200       0.024500     -12.325600       0.016000     -12.148900       0.018700
   567     -12.430200       0.014500     -11.773000       0.026300     -12.281700       0.016600     -12.121200       0.019200
   568     -12.476800       0.014000     -11.851200       0.024500     -12.302000       0.016300     -12.039500       0.020700
   569     -12.423300       0.014600     -11.802300       0.025600     -12.310800       0.016200     -12.089000       0.019800
   570     -12.457100       0.014200     -11.803900       0.025600     -12.262500       0.016900     -12.139100       0.018900
   571     -12.394100       0.015000     -11.769000       0.026400     -12.236500       0.017300     -12.033700       0.020800
   572     -12.408000       0.014800     -11.765900       0.026400     -12.234200       0.017300     -12.041000       0.020600
   573     -12.447300       0.014400     -11.820300       0.025200     -12.270800       0.016800     -12.073400       0.020100
   574     -12.435500       0.014500     -11.826700       0.025100     -12.213400       0.017700     -12.102500       0.019600
   575     -12.394300       0.015000     -11.802000       0.025600     -12.233600       0.017300     -12.030600       0.020800
   576     -12.447300       0.014300     -11.759700       0.026600     -12.243600       0.017200     -11.988900       0.021600
   577     -12.453000       0.014200     -11.755600       0.026700     -12.275000       0.016700     -12.044600       0.020500
   578     -12.438800       0.014400     -11.823400       0.025100     -12.161300       0.018500     -12.049600       0.020400
   579     -12.421200       0.014700     -11.824800       0.025100     -12.314600       0.016200     -12.059000       0.020300
   580     -12.437000       0.014500     -11.763700       0.026500     -12.282700       0.016600     -12.042400       0.020600
   581     -12.442800       0.014400     -11.783500       0.026100     -12.285600       0.016600     -11.988900       0.021700
   582     -12.412200       0.014800     -11.757300       0.026700     -12.291400       0.016500     -12.018000       0.021100
   583     -12.430400       0.014600     -11.741100       0.027100     -12.261400       0.016900     -12.043400       0.020600
   584     -12.429100       0.014600     -11.716300       0.027700     -12.269000       0.016800     -12.078900       0.019900
   585     -12.440100       0.014400     -11.721300       0.027600     -12.323900       0.016000     -12.004200       0.021400
   586     -12.453600       0.014300     -11.741300       0.027100     -12.299600       0.016400     -12.005200       0.021300
   587     -12.453200       0.014200     -11.739400       0.027100     -12.309900       0.016200     -12.037500       0.020700
   588     -12.445300       0.014300     -11.737400       0.027100     -12.252500       0.017000     -12.029900       0.020800
   589     -12.465700       0.014200     -11.756200       0.026800     -12.250700       0.017200     -12.044700       0.020700
   590     -12.456000       0.014200     -11.776900       0.026300     -12.281000       0.016700     -12.010500       0.021300
   591     -12.487100       0.013800     -11.743400       0.027000     -12.265000       0.016800     -11.923600       0.022900
   592     -12.456100       0.014200     -11.753300       0.026800     -12.259300       0.017000     -12.019100       0.021000
   593     -12.401000       0.014900     -11.808000       0.025500     -12.258600       0.017000     -12.020100       0.021000
   594     -12.395500       0.015000     -11.692000       0.028300     -12.260500       0.017000     -11.979300       0.021900
   595     -12.435200       0.014500     -11.780000       0.026200     -12.288800       0.016600     -12.014400       0.021200
   596     -12.442600       0.014400     -11.749900       0.026800     -12.274700       0.016700     -11.978200       0.021800
   597     -12.431800       0.014500     -11.753400       0.026800     -12.212800       0.017700     -11.989800       0.021600
   598     -12.424400       0.014600     -11.808300       0.025500     -12.310400       0.016200     -11.954200       0.022300
   599     -12.421100       0.014700     -11.770700       0.026400     -12.257300       0.017000     -12.004400       0.021300
   600     -12.437300       0.014500     -11.771600       0.026300     -12.288300       0.016500     -12.034300       0.020800
   601     -12.415100       0.014700     -11.768300       0.026400     -12.290300       0.016500     -12.095300       0.019600
   602     -12.473900       0.014000     -11.732100       0.027400     -12.279100       0.016700     -12.093500       0.019700
   603     -12.421500       0.014700     -11.746800       0.027000     -12.188600       0.018100     -11.989100       0.021700
   604     -12.424200       0.014700     -11.782600       0.026200     -12.266400       0.016900     -12.025700       0.021000
   605     -12.391700       0.015100     -11.759100       0.026700     -12.236100       0.017300     -12.039100       0.020700
   606     -12.422200       0.014700     -11.737300       0.027200     -12.252500       0.017100     -12.011600       0.021300
   607     -12.411600       0.014800     -11.809900       0.025400     -12.267500       0.016800     -11.985600       0.021700
   608     -12.403000       0.014900     -11.694500       0.028300     -12.287400       0.016600     -12.032900       0.020800
   609     -12.370300       0.015400     -11.755500       0.026800     -12.229700       0.017500     -12.016600       0.021200
   610     -12.342300       0.015800     -11.767100       0.026500     -12.289100       0.016600     -12.055600       0.020400
   611     -12.380100       0.015200     -11.759700       0.026700     -12.227200       0.017500     -12.015800       0.021200
   612     -12.401200       0.015000     -11.723500       0.027600     -12.195600       0.018000     -11.948500       0.022500
   613     -12.415500       0.014700     -11.756500       0.026700     -12.210200       0.017700     -12.026300       0.020900
   614     -12.389600       0.015100     -11.695500       0.028300     -12.197300       0.018000     -11.961000       0.022200
   615     -12.403100       0.015000     -11.734600       0.027300     -12.207200       0.017800     -11.944500       0.022600
   616     -12.418400       0.014700     -11.743200       0.027100     -12.236800       0.017300     -11.991900       0.021600
   617     -12.411200       0.014900     -11.703700       0.028100     -12.211100       0.017800     -11.987700       0.021700
   618     -12.384200       0.015200     -11.703700       0.028100     -12.238400       0.017400     -11.990000       0.021700
   619     -12.109500       0.019400     -11.722700       0.027500     -12.209200       0.017700     -11.967600       0.022100
   620     -12.397300       0.015000     -11.730200       0.027400     -12.170600       0.018400     -11.984100       0.021800
   621     -12.368700       0.015400     -11.734600       0.027300     -12.195100       0.018000     -12.030200       0.020900
   622     -12.369500       0.015400     -11.742500       0.027100     -12.232700       0.017400     -11.973700       0.022000
   623     -12.400600       0.014900     -11.739900       0.027100     -12.190600       0.018000     -12.003200       0.021300
   624     -12.429400       0.014600     -11.760400       0.026700     -12.249600       0.017200     -11.952400       0.022400
   625     -12.394200       0.015000     -11.690900       0.028400     -12.205100       0.017800     -11.989800       0.021600
   626     -12.401700       0.015000     -11.648400       0.029600     -12.238000       0.017400     -12.005600       0.021400
   627     -12.402300       0.014900     -11.707800       0.027900     -12.163300       0.018500     -12.005100       0.021300
   628     -12.353600       0.015600     -11.746900       0.027000     -12.187200       0.018100     -11.909100       0.023300
   629     -12.353500       0.015600     -11.759200       0.026600     -12.156700       0.018600     -11.956100       0.022300
   630     -12.342100       0.015800     -11.724200       0.027600     -12.174200       0.018400     -11.974900       0.022000
   631     -12.335300       0.015900     -11.726500       0.027500     -12.162100       0.018600     -11.923200       0.023000
   632     -12.341200       0.015800     -11.673100       0.028900     -12.199200       0.018000     -11.924900       0.023000
   633     -12.323900       0.016100     -11.739700       0.027200     -12.242500       0.017300     -11.980700       0.021900
   634     -12.311400       0.016200     -11.663000       0.029100     -12.174400       0.018400     -12.029900       0.020900
   635     -12.348000       0.015700     -11.755900       0.026800     -12.203100       0.017900     -11.974600       0.022000
   636     -12.372900       0.015400     -11.711700       0.028000     -12.235700       0.017400     -11.955700       0.022400
   637     -12.350600       0.015700     -11.697400       0.028200     -12.182800       0.018200     -11.899700       0.023500
   638     -12.358900       0.015600     -11.721400       0.027700     -12.172400       0.018400     -11.896200       0.023700
   639     -12.361000       0.015500     -11.738400       0.027200     -12.188400       0.018100     -11.951900       0.022500
   640     -12.373800       0.015300     -11.627000       0.030100     -11.986200       0.021700     -11.902400       0.023400
   641     -12.357900       0.015600     -11.685300       0.028600     -12.204700       0.017900     -11.881700       0.023900
   642     -12.363400       0.015500     -11.635200       0.030000     -12.192000       0.018100     -12.025200       0.021100
   643     -12.327900       0.016000     -11.649700       0.029500     -12.164800       0.018500     -12.027200       0.021000
   644     -12.330400       0.016000     -11.652900       0.029400     -12.175600       0.018400     -11.964500       0.022200
   645     -12.305200       0.016300     -11.670300       0.029000     -12.181000       0.018300     -11.958400       0.022300
   646     -12.346600       0.015800     -11.778300       0.026300     -12.181200       0.018300     -11.936300       0.022800
   647     -12.335600       0.015900     -11.747900       0.027000     -12.183400       0.018200     -11.924600       0.023000
   648     -12.316000       0.016200     -11.731500       0.027400     -12.194100       0.018100     -12.031000       0.020900
   649     -12.361500       0.015500     -11.724000       0.027500     -12.166500       0.018400     -11.861500       0.024300
   650     -12.314200       0.016200     -11.712100       0.027900     -12.114600       0.019400     -11.933900       0.022800
   651     -12.374600       0.015400     -11.702000       0.028200     -12.172200       0.018400     -11.982000       0.021900
   652     -12.331100       0.016000     -11.645100       0.029700     -12.121400       0.019300     -11.916800       0.023200
   653     -12.311900       0.016300     -11.661300       0.029200     -12.166400       0.018500     -11.890600       0.023800
   654     -12.431600       0.014600     -11.749600       0.027000     -12.206200       0.017900     -11.978600       0.022000
   655     -12.339200       0.015800     -11.680800       0.028700     -12.226700       0.017500     -11.948800       0.022500
   656     -12.341600       0.015900     -11.747000       0.027100     -12.154300       0.018800     -11.944700       0.022700
   657     -12.355800       0.015600     -11.711000       0.028000     -12.181500       0.018300     -11.983400       0.021900
   658     -12.315100       0.016200     -11.604300       0.030700     -12.198100       0.018000     -11.946200       0.022600
   659     -12.214300       0.017700     -11.631000       0.030000     -12.146100       0.018800     -11.925800       0.022900
   660     -12.330100       0.016000     -11.618900       0.030300     -12.126900       0.019200     -11.895200       0.023600
   661     -12.329400       0.016000     -11.652000       0.029500     -12.106100       0.019600     -11.861400       0.024400
   662     -12.333800       0.015900     -11.721100       0.027700     -12.163700       0.018500     -11.916600       0.023200
   663     -12.338800       0.015800     -11.655800       0.029300     -12.144200       0.018900     -11.911400       0.023300
   664     -12.340100       0.015900     -11.733000       0.027400     -12.179800       0.018300     -11.942600       0.022700
   665     -12.289400       0.016600     -11.750300       0.027000     -12.186500       0.018200     -11.882500       0.024000
   666     -12.338000       0.015900     -11.692600       0.028500     -12.181900       0.018300     -11.893700       0.023800
   667     -12.298300       0.016400     -11.665200       0.029100     -12.190900       0.018100     -11.918400       0.023100
   668     -12.293800       0.016500     -11.691900       0.028400     -12.154400       0.018700     -11.931400       0.022900
   669     -12.304700       0.016400     -11.727900       0.027600     -12.144700       0.018900     -11.948300       0.022600
   670     -12.273500       0.016800     -11.679200       0.028800     -12.113700       0.019400     -11.926800       0.023000
   671     -12.285700       0.016600     -11.674400       0.028900     -12.092200       0.019800     -11.914800       0.023200
   672     -12.236300       0.017400     -11.693400       0.028400     -12.197200       0.018100     -11.957400       0.022400
   673     -12.268900       0.016900     -11.660000       0.029300     -12.103700       0.019600     -11.901400       0.023600
   674     -12.294100       0.016500     -11.594900       0.031100     -12.099100       0.019700     -11.906300       0.023400
