     1      10.572700       0.014100      11.119800       0.023000      10.741100       0.016400      10.823300       0.017600
     3      10.706100       0.013900      11.245400       0.022600      10.855400       0.015900      11.020400       0.018400
     4      10.743300       0.014300      11.320600       0.024000      10.898600       0.016400      11.072400       0.019200
     5      10.735800       0.014200      11.279600       0.023100      10.906500       0.016500      11.059900       0.019000
     8      10.719900       0.013900      11.393900       0.025500      10.917700       0.016600      11.091300       0.019400
     9      10.759100       0.014400      11.400400       0.025600      10.910700       0.016500      11.160600       0.020600
    10      10.814500       0.015100      11.459900       0.027000      10.921400       0.016600      11.235100       0.022000
    11      10.770400       0.014500      11.380300       0.025100      10.988900       0.017600      11.178900       0.020900
    12      10.741800       0.014200      11.384100       0.025300      10.948200       0.017000      11.135300       0.020200
    13      10.737800       0.014100      11.398500       0.025500      10.974600       0.017400      11.095900       0.019400
    14      10.796200       0.014800      11.412600       0.025900      10.965300       0.017300      11.135200       0.020100
    15      10.745300       0.014200      11.439700       0.026500      10.939600       0.016900      11.165300       0.020700
    16      10.784500       0.014700      11.443200       0.026600      10.902100       0.016300      11.175900       0.020900
    17      10.734900       0.014000      11.436200       0.026400      10.927700       0.016700      11.166600       0.020700
    18      10.732200       0.014000      11.445900       0.026500      10.904300       0.016300      11.223500       0.021700
    19      10.752300       0.014200      11.401200       0.025500      10.906700       0.016300      11.102200       0.019500
    20      10.787000       0.014700      11.420200       0.025900      10.970300       0.017300      11.149800       0.020300
    21      10.823200       0.015200      11.444200       0.026600      11.030000       0.018300      11.210200       0.021500
    22      10.849900       0.015600      11.485000       0.027600      11.009800       0.018000      11.217600       0.021700
    23      10.812700       0.015000      11.450800       0.026700      10.949900       0.017000      11.194500       0.021200
    24      10.797200       0.014800      11.445300       0.026500      10.948000       0.016900      11.178100       0.020800
    25      10.852000       0.015600      11.437200       0.026400      10.962700       0.017200      11.238600       0.022000
    26      10.771900       0.014500      11.491300       0.027700      10.948500       0.016900      11.238500       0.022000
    27      10.759300       0.014300      11.457600       0.026900      10.944200       0.016900      11.207300       0.021400
    28      10.790400       0.014700      11.395400       0.025300      10.898700       0.016200      11.204900       0.021300
    29      10.790000       0.014700      11.441400       0.026500      10.917500       0.016500      11.221000       0.021700
    30      10.810600       0.015000      11.477100       0.027300      10.882600       0.016000      11.177100       0.020800
    34      10.898600       0.016200      11.490300       0.027700      10.980700       0.017500      11.291800       0.023100
    35      10.854200       0.015500      11.442900       0.026400      10.986200       0.017500      11.256400       0.022300
    36      10.848100       0.015500      11.480000       0.027400      11.043800       0.018500      11.285900       0.023000
    37      10.834500       0.015300      11.513800       0.028200      10.980700       0.017400      11.190000       0.021000
    39      10.877100       0.015900      11.423600       0.026000      11.047200       0.018500      11.294200       0.023100
    40      10.858400       0.015600      11.495800       0.027700      11.057500       0.018700      11.278300       0.022800
    41      10.862600       0.015700      11.484500       0.027400      11.058900       0.018700      11.326000       0.023800
    42      10.938900       0.016800      11.553400       0.029300      11.054100       0.018700      11.249200       0.022200
    43      10.918200       0.016500      11.451300       0.026600      11.026600       0.018200      11.287900       0.023000
    44      10.949600       0.016900      11.533900       0.028700      11.067100       0.018800      11.405100       0.025500
    45      10.933000       0.016700      11.500800       0.027900      11.040300       0.018400      11.352300       0.024400
    46      10.902100       0.016200      11.474400       0.027200      10.950700       0.017000      11.345800       0.024200
    47      10.951100       0.016900      11.557300       0.029200      11.066300       0.018800      11.320100       0.023600
    48      10.967300       0.017300      11.576300       0.029900      11.108900       0.019600      11.348200       0.024300
    50      10.971300       0.017300      11.558100       0.029400      11.069300       0.018900      11.295100       0.023200
    51      10.961800       0.017100      11.582900       0.030000      11.121400       0.019800      11.371100       0.024800
    52      10.985900       0.017500      11.558900       0.029400      11.054400       0.018600      11.279600       0.022800
    53      10.990700       0.017600      11.516000       0.028300      11.090300       0.019300      11.324400       0.023800
    54      10.967400       0.017200      11.554700       0.029200      11.090500       0.019200      11.324000       0.023700
    55      10.947400       0.016900      11.568800       0.029600      11.081100       0.019100      11.366800       0.024700
    56      10.954000       0.017000      11.589800       0.030200      11.066000       0.018800      11.355900       0.024400
    57      10.973800       0.017300      11.549500       0.029100      11.020900       0.018100      11.286300       0.023000
    58      10.981000       0.017400      11.503300       0.027900      11.077500       0.019000      11.250800       0.022200
    59      11.003200       0.017800      11.552300       0.029200      11.058600       0.018700      11.355700       0.024400
    60      10.981000       0.017500      11.587300       0.030200      11.071900       0.019000      11.314100       0.023600
    61      10.975000       0.017400      11.580800       0.030000      11.056900       0.018700      11.298600       0.023200
    62      10.974400       0.017300      11.540000       0.028900      11.064900       0.018800      11.331400       0.023900
    63      11.066600       0.018900      11.633300       0.031500      11.177200       0.020900      11.346500       0.024300
    64      11.035400       0.018300      11.518800       0.028300      11.138600       0.020100      11.442000       0.026400
    66      11.072200       0.018900      11.624200       0.031200      11.209400       0.021400      11.426800       0.026100
    67      11.034700       0.018300      11.679400       0.032900      11.191000       0.021100      11.430400       0.026200
    68      11.002700       0.017800      11.604600       0.030600      11.158000       0.020400      11.352900       0.024400
    69      11.086300       0.019100      11.669000       0.032400      11.140000       0.020100      11.440000       0.026400
    70      11.048800       0.018500      11.656800       0.032100      11.169800       0.020600      11.357300       0.024500
    71      11.080100       0.019100      11.516300       0.028300      11.085200       0.019100      11.379600       0.025000
    72      11.078400       0.019000      11.585200       0.030100      11.063800       0.018800      11.335900       0.024000
    75      11.115000       0.019600      11.625700       0.031200      11.181000       0.020900      11.364300       0.024600
    76      11.132100       0.020000      11.684100       0.032900      11.219100       0.021600      11.414800       0.025800
    77      11.081800       0.019100      11.612900       0.030800      11.162200       0.020500      11.426500       0.026000
    78      10.673500       0.013700      11.247500       0.022900      10.810200       0.015500      11.032200       0.018900
    79      10.648500       0.013100      11.272900       0.023000      10.808600       0.015100      11.058100       0.019000
    80      10.672100       0.013300      11.318200       0.023700      10.827600       0.015300      11.117800       0.019800
    81      10.664300       0.013200      11.320000       0.023800      10.794900       0.014800      11.112300       0.019700
    82      10.681600       0.013400      11.286700       0.023000      10.805500       0.014900      11.088100       0.019200
    83      10.680100       0.013300      11.373100       0.024900      10.877600       0.015900      11.110900       0.019600
    84      10.692100       0.013500      11.328700       0.023900      10.872000       0.015800      11.074200       0.019000
    85      10.667200       0.013200      11.337100       0.024100      10.831900       0.015300      11.148700       0.020300
    86      10.700700       0.013600      11.357500       0.024500      10.859300       0.015700      11.194900       0.021200
    87      10.738200       0.014100      11.368000       0.024800      10.863300       0.015800      11.092800       0.019400
    88      10.724900       0.013900      11.356600       0.024500      10.880900       0.016000      11.136400       0.020100
    89      10.718600       0.013800      11.362200       0.024700      10.891400       0.016200      11.131000       0.020100
    90      10.724200       0.013900      11.368500       0.024800      10.872500       0.015900      11.149200       0.020300
    91      10.752000       0.014200      11.347700       0.024300      10.889800       0.016100      11.164600       0.020600
    92      10.772100       0.014500      11.339800       0.024200      10.908100       0.016400      11.161300       0.020600
    93      10.708600       0.013700      11.285900       0.023000      10.861700       0.015700      11.123000       0.019900
    94      10.708200       0.013700      11.285400       0.023000      10.916200       0.016500      11.195100       0.021200
    95      10.718700       0.013800      11.356000       0.024500      10.885700       0.016000      11.135600       0.020100
    96      10.757400       0.014300      11.368300       0.024800      10.914500       0.016500      11.140400       0.020200
    97      10.820900       0.015100      11.374400       0.024900      10.860000       0.015700      11.120700       0.019800
    98      10.762000       0.014400      11.393600       0.025300      10.839200       0.015400      11.139300       0.020100
    99      10.765600       0.014400      11.341800       0.024100      10.956900       0.017100      11.144400       0.020200
   100      10.757700       0.014300      11.349100       0.024400      10.901900       0.016300      11.149100       0.020300
   101      10.790200       0.014800      11.403200       0.025600      10.932300       0.016800      11.163600       0.020600
   102      10.762300       0.014400      11.377400       0.025000      10.969000       0.017300      11.111800       0.019700
   103      10.783000       0.014600      11.367300       0.024700      10.925600       0.016600      11.173600       0.020800
   104      10.738700       0.014000      11.462700       0.026900      10.960600       0.017100      11.159200       0.020500
   105      10.758600       0.014300      11.392400       0.025300      10.886100       0.016100      11.176900       0.020900
   106      10.734600       0.014000      11.324500       0.023800      10.914800       0.016500      11.180800       0.020900
   107      10.772400       0.014500      11.375000       0.024900      10.885800       0.016000      11.141000       0.020200
   108      10.716100       0.013800      11.430600       0.026300      10.912800       0.016500      11.164000       0.020700
   109      10.772900       0.014500      11.408600       0.025700      10.941900       0.016900      11.097500       0.019400
   111      10.774800       0.014500      11.355600       0.024500      10.909700       0.016400      11.170700       0.020800
   112      10.785000       0.014700      11.349500       0.024400      10.894900       0.016200      11.159100       0.020600
   113      10.728300       0.013900      11.368200       0.024700      10.913200       0.016400      11.153800       0.020400
   114      10.747200       0.014200      11.363500       0.024600      10.890600       0.016100      11.151900       0.020300
   115      10.760200       0.014300      11.320800       0.023700      10.913000       0.016400      11.163400       0.020600
   116      10.790400       0.014800      11.424400       0.026100      10.886400       0.016100      11.185300       0.021000
   117      10.778000       0.014600      11.431100       0.026300      10.920500       0.016600      11.168800       0.020700
   118      10.808200       0.015000      11.423700       0.026100      10.948800       0.017000      11.121900       0.019900
   119      10.808300       0.015000      11.376400       0.025100      10.942800       0.017000      11.226800       0.021900
   120      10.777900       0.014600      11.355200       0.024500      10.935200       0.016800      11.151100       0.020400
   121      10.792900       0.014800      11.409000       0.025800      10.959100       0.017200      11.159500       0.020600
   122      10.794100       0.014800      11.419300       0.026100      10.943100       0.017000      11.170600       0.020800
   123      10.778300       0.014600      11.420700       0.026000      10.903900       0.016300      11.206900       0.021400
   124      10.786100       0.014700      11.387700       0.025200      10.957300       0.017100      11.192300       0.021100
   125      10.795300       0.014800      11.452300       0.026800      10.960900       0.017200      11.196800       0.021300
   127      10.797500       0.014800      11.412300       0.025800      10.951900       0.017000      11.197800       0.021200
   128      10.776000       0.014500      11.434600       0.026200      10.976800       0.017400      11.238500       0.022000
   130      10.792500       0.014800      11.388800       0.025200      10.948300       0.017000      11.229200       0.021800
   131      10.810500       0.015100      11.419500       0.026100      10.979700       0.017500      11.240600       0.022200
   132      10.846300       0.015500      11.450200       0.026700      10.969100       0.017300      11.287100       0.023100
   133      10.800200       0.014800      11.421400       0.025900      10.951600       0.017000      11.265600       0.022500
   134      10.829500       0.015300      11.460400       0.026900      10.987500       0.017600      11.218800       0.021600
   135      10.866600       0.015800      11.468900       0.027200      11.013600       0.018000      11.261000       0.022500
   136      10.807500       0.015000      11.441400       0.026600      10.981700       0.017500      11.195100       0.021300
   137      10.854900       0.015600      11.446900       0.026600      11.033700       0.018300      11.234200       0.022000
   138      10.844400       0.015500      11.422900       0.026000      11.056300       0.018700      11.226600       0.021800
   139      10.896200       0.016200      11.431100       0.026200      11.004600       0.017800      11.214500       0.021500
   140      10.830400       0.015300      11.445300       0.026600      11.033900       0.018300      11.246300       0.022200
   141      10.781900       0.014600      11.427200       0.026100      11.064200       0.018800      11.222900       0.021700
   142      10.812100       0.015000      11.475100       0.027300      10.989000       0.017600      11.282300       0.022900
   143      10.775700       0.014600      11.456600       0.026900      10.963500       0.017200      11.200900       0.021400
   144      10.851400       0.015600      11.465300       0.027200      10.960700       0.017200      11.194800       0.021300
   145      10.881800       0.016000      11.523400       0.028600      10.992700       0.017700      11.260400       0.022500
   146      10.834000       0.015400      11.461800       0.027100      10.984900       0.017600      11.259500       0.022500
   147      10.820100       0.015100      11.495600       0.027800      10.958800       0.017100      11.282900       0.023000
   148      10.852700       0.015600      11.471400       0.027300      10.945900       0.017000      11.242600       0.022200
   149      10.902800       0.016300      11.457600       0.026900      11.010800       0.018000      11.183200       0.021000
   150      10.873400       0.015900      11.453300       0.026800      11.033600       0.018300      11.258200       0.022400
   151      10.863500       0.015700      11.491200       0.027700      10.998900       0.017800      11.209200       0.021500
   152      10.887200       0.016100      11.558300       0.029500      11.034700       0.018400      11.238000       0.022000
   153      10.902400       0.016300      11.502600       0.028000      10.948400       0.017000      11.232900       0.021900
   154      10.884000       0.016000      11.510200       0.028200      11.015500       0.018000      11.207300       0.021400
   155      10.893400       0.016200      11.487500       0.027600      11.041000       0.018500      11.252100       0.022300
   156      10.858600       0.015700      11.501700       0.028000      11.015900       0.018000      11.279100       0.022900
   157      10.864100       0.015600      11.511900       0.028000      11.040100       0.018300      11.148900       0.020200
   158      10.899600       0.016300      11.498300       0.027900      11.010200       0.018000      11.206600       0.021400
   160      10.931800       0.016800      11.502600       0.028100      11.049100       0.018600      11.242700       0.022200
   161      10.902700       0.016300      11.463500       0.027000      11.025000       0.018200      11.195500       0.021200
   162      10.922200       0.016600      11.508700       0.028200      11.058700       0.018800      11.216100       0.021600
   163      10.930400       0.016700      11.453600       0.026800      11.054500       0.018700      11.244200       0.022200
   164      10.961200       0.017200      11.530300       0.028700      11.075000       0.019000      11.252500       0.022300
   165      10.920700       0.016600      11.502900       0.028000      11.066100       0.018900      11.244700       0.022200
   166      10.938500       0.016900      11.500900       0.028000      11.024900       0.018200      11.232700       0.022000
   167      10.937700       0.016800      11.487300       0.027600      10.990700       0.017600      11.254600       0.022400
   168      10.969400       0.017300      11.496300       0.027800      11.028700       0.018200      11.320500       0.023700
   169      10.927500       0.016600      11.484000       0.027500      11.022800       0.018100      11.284700       0.022900
   170      11.008200       0.017900      11.535100       0.028800      11.068600       0.018900      11.324400       0.023800
   171      10.936800       0.016800      11.473900       0.027300      11.073700       0.019000      11.342600       0.024200
   172      10.909500       0.016400      11.475100       0.027400      11.095400       0.019400      11.261000       0.022500
   173      10.890700       0.016100      11.484800       0.027500      11.042800       0.018500      11.266600       0.022600
   174      10.966200       0.017300      11.514500       0.028300      11.038200       0.018400      11.269800       0.022700
   176      10.941900       0.016900      11.526700       0.028600      11.099900       0.019500      11.309800       0.023500
   177      10.956300       0.017100      11.512200       0.028200      11.072300       0.018900      11.342600       0.024200
   178      10.918600       0.016600      11.545800       0.029200      11.162100       0.020600      11.250900       0.022300
   179      10.927900       0.016700      11.510900       0.028300      11.073100       0.019100      11.276600       0.022900
   181      10.926000       0.016700      11.550900       0.029300      11.084800       0.019200      11.325800       0.023900
   182      10.984500       0.017500      11.567500       0.029700      11.129200       0.020000      11.285600       0.023000
   183      10.996800       0.017700      11.551500       0.029300      11.139600       0.020200      11.281100       0.022900
   184      10.955700       0.017100      11.500600       0.027900      11.080400       0.019100      11.272800       0.022700
   185      10.925100       0.016600      11.515400       0.028300      11.096900       0.019400      11.263700       0.022500
   187      10.993600       0.017700      11.530000       0.028700      11.105500       0.019600      11.358900       0.024600
   188      10.966300       0.017200      11.511300       0.028200      11.071900       0.019000      11.400600       0.025500
   189      10.956900       0.017100      11.552700       0.029300      11.133100       0.020100      11.338700       0.024200
   190      10.943800       0.016900      11.618900       0.031100      11.142600       0.020200      11.413300       0.025800
   191      11.011700       0.018000      11.558300       0.029400      11.108200       0.019600      11.374300       0.024900
   192      11.008700       0.017900      11.599100       0.030500      11.156900       0.020500      11.333600       0.024000
   193      10.988300       0.017600      11.566500       0.029600      11.188200       0.021000      11.367200       0.024700
   195      11.074400       0.018900      11.638300       0.031500      11.102100       0.019400      11.319700       0.023600
   196      11.014800       0.018000      11.572200       0.029900      11.067800       0.018900      11.324600       0.023900
   197      11.042300       0.018500      11.615100       0.031000      11.118100       0.019800      11.391100       0.025300
   198      11.035800       0.017900      11.688500       0.032300      11.091300       0.018800      11.362700       0.024100
   199      11.106400       0.019000      11.599400       0.029700      11.179700       0.020400      11.406100       0.025000
   200      11.040500       0.018500      11.555400       0.029400      11.237100       0.022000      11.422400       0.026100
   201      11.081100       0.019100      11.558400       0.029400      11.162400       0.020600      11.391700       0.025300
   202      11.120100       0.019800      11.626600       0.031300      11.153500       0.020400      11.350000       0.024300
   204      11.121500       0.019800      11.555000       0.029400      11.221000       0.021700      11.341700       0.024200
   205      11.076600       0.019100      11.570000       0.029800      11.172500       0.020800      11.372200       0.024900
   207      11.140600       0.020100      11.673100       0.032600      11.219800       0.021600      11.375000       0.024900
   208      11.142400       0.020200      11.679200       0.032900      11.163000       0.020600      11.409000       0.025700
   209      11.195200       0.021200      11.598700       0.030600      11.114700       0.019700      11.426000       0.026100
   211      11.212500       0.021500      11.598600       0.030500      11.188800       0.021000      11.476300       0.027300
   212      11.115500       0.019700      11.510100       0.028100      11.229600       0.021800      11.476700       0.027300
   219      11.146400       0.020100      11.504200       0.027800      11.247100       0.022000      11.462600       0.026700
   220      11.190800       0.021300      11.603000       0.030900      11.156600       0.020600      11.483400       0.027700
   221      11.239100       0.022100      11.545700       0.029200      11.172300       0.020800      11.538000       0.028900
   226      10.783300       0.015000      11.368000       0.025400      10.928200       0.017100      11.168300       0.021200
   227      10.834800       0.015400      11.397900       0.025600      11.005300       0.018000      11.200000       0.021400
   228      10.832100       0.015300      11.393900       0.025300      11.034400       0.018300      11.223700       0.021700
   229      10.906800       0.016300      11.439900       0.026300      11.054200       0.018600      11.252000       0.022200
   230      10.902600       0.016200      11.464400       0.026900      11.059000       0.018700      11.307700       0.023300
   231      10.733100       0.014000      11.345400       0.024300      10.862300       0.015700      11.081800       0.019100
   232      10.741100       0.014100      11.373900       0.024900      10.876500       0.015900      11.105600       0.019600
   233      10.694500       0.013600      11.341800       0.024200      10.877700       0.016000      11.124300       0.019900
   234      10.686700       0.013400      11.334000       0.024000      10.900500       0.016200      11.166400       0.020600
   235      10.715000       0.013800      11.268600       0.022700      10.897900       0.016300      11.145800       0.020300
   238      10.711900       0.013800      11.334300       0.024100      10.851900       0.015600      11.129800       0.020000
   239      10.745100       0.014200      11.376400       0.025100      10.821100       0.015200      11.087700       0.019300
   240      10.700600       0.013600      11.326500       0.023900      10.880600       0.016000      11.091700       0.019300
   241      10.721100       0.013800      11.291000       0.023100      10.879400       0.015900      11.149900       0.020300
   243      10.747600       0.014200      11.329900       0.024000      10.860900       0.015800      11.145100       0.020300
   244      10.683800       0.013400      11.322200       0.023900      10.867600       0.015800      11.139100       0.020200
   245      10.729200       0.014000      11.357600       0.024600      10.929700       0.016700      11.142700       0.020200
   246      10.740400       0.014100      11.352700       0.024500      10.877200       0.016000      11.172600       0.020800
   247      10.743300       0.014100      11.359100       0.024600      10.921900       0.016600      11.170000       0.020700
   248      10.744900       0.014200      11.307400       0.023500      10.923200       0.016600      11.129900       0.020100
   249      10.748100       0.014200      11.371100       0.024900      10.926500       0.016700      11.099000       0.019500
   250      10.738100       0.014100      11.415800       0.025900      10.889300       0.016100      11.129400       0.020000
   251      10.689300       0.013500      11.351300       0.024500      10.920600       0.016600      11.141300       0.020200
   252      10.743900       0.014200      11.339800       0.024300      10.869500       0.015900      11.190400       0.021200
   253      10.725700       0.013900      11.342000       0.024300      10.872800       0.015900      11.115500       0.019800
   254      10.749700       0.014200      11.320700       0.023800      10.883700       0.016000      11.125500       0.019900
   255      10.728200       0.014000      11.424500       0.026100      10.929300       0.016700      11.159300       0.020600
   256      10.722000       0.013900      11.360000       0.024600      10.922300       0.016600      11.133500       0.020100
   257      10.780900       0.014600      11.351900       0.024400      10.898800       0.016200      11.197900       0.021300
   258      10.762300       0.014400      11.361400       0.024700      10.899100       0.016300      11.234400       0.022000
   259      10.739000       0.014100      11.408400       0.025700      10.971500       0.017300      11.152100       0.020400
   260      10.756300       0.014300      11.388400       0.025200      10.933000       0.016700      11.144500       0.020200
   261      10.767800       0.014500      11.360400       0.024700      10.919800       0.016600      11.101400       0.019500
   262      10.804500       0.014900      11.401800       0.025500      10.948800       0.017000      11.186600       0.021000
   263      10.801600       0.014900      11.411200       0.025800      10.926700       0.016700      11.163100       0.020600
   264      10.764300       0.014400      11.360000       0.024700      10.929900       0.016800      11.155100       0.020500
   265      10.793400       0.014800      11.332100       0.024000      10.939700       0.016900      11.131500       0.020000
   266      10.777600       0.014600      11.435900       0.026400      10.959300       0.017100      11.222200       0.021700
   267      10.795000       0.014800      11.439800       0.026400      10.970700       0.017300      11.124400       0.019900
   268      10.821000       0.015100      11.373400       0.024900      10.989300       0.017600      11.206800       0.021400
   269      10.844400       0.015500      11.408000       0.025700      11.000500       0.017800      11.159700       0.020500
   270      10.827600       0.015200      11.434200       0.026300      11.039400       0.018400      11.217300       0.021600
   271      10.809300       0.015000      11.431400       0.026300      10.944200       0.016900      11.231900       0.021900
   272      10.840700       0.015400      11.381500       0.025100      10.940000       0.016800      11.261900       0.022500
   274      10.814600       0.015100      11.468400       0.027100      10.965000       0.017200      11.253800       0.022300
   275      10.861400       0.015700      11.422600       0.026100      10.952800       0.017100      11.241200       0.022100
   276      10.899900       0.016300      11.524200       0.028600      10.978900       0.017500      11.234900       0.022000
   277      10.890600       0.016000      11.440700       0.026300      10.984100       0.017400      11.264600       0.022400
   278      10.885400       0.016100      11.470400       0.027200      10.963700       0.017200      11.275500       0.022800
   279      10.903300       0.016300      11.462200       0.027000      10.943800       0.016900      11.247900       0.022200
   280      10.901500       0.016300      11.418000       0.025900      11.011700       0.017900      11.294000       0.023100
   281      10.900100       0.016200      11.459600       0.026900      10.994800       0.017700      11.269800       0.022600
   282      10.889800       0.016100      11.454900       0.026800      11.038000       0.018400      11.207300       0.021400
   283      10.876800       0.015900      11.434300       0.026300      11.012800       0.018000      11.265100       0.022500
   284      10.855600       0.015600      11.471100       0.027100      11.026600       0.018200      11.261400       0.022500
   285      10.892900       0.016100      11.466000       0.027000      11.025400       0.018100      11.310800       0.023400
   286      10.901600       0.016300      11.480100       0.027400      11.020100       0.018100      11.339800       0.024100
   287      10.886000       0.016000      11.530000       0.028700      11.025100       0.018200      11.280000       0.022900
   288      10.940300       0.016900      11.456300       0.026900      11.023200       0.018200      11.329500       0.024000
   289      10.928000       0.016700      11.499900       0.027900      11.085400       0.019200      11.346200       0.024300
   290      10.953300       0.017000      11.446800       0.026600      11.059900       0.018700      11.268300       0.022600
   291      10.959200       0.017100      11.483800       0.027500      11.077200       0.019000      11.300100       0.023300
   292      10.635700       0.013000      11.260700       0.022900      10.803300       0.015100      11.021600       0.018400
   293      10.664900       0.013200      11.271700       0.022800      10.817500       0.015200      11.038100       0.018500
   295      10.702700       0.013700      11.286300       0.023100      10.831000       0.015300      11.115100       0.019800
   296      10.681000       0.013400      11.313900       0.023700      10.823000       0.015200      11.074600       0.019100
   297      10.653600       0.013000      11.312400       0.023500      10.849300       0.015500      11.074900       0.019000
   298      10.666200       0.013200      11.346100       0.024300      10.847800       0.015500      11.085800       0.019200
   299      10.667400       0.013200      11.300800       0.023300      10.859100       0.015700      11.120600       0.019800
   300      10.682000       0.013400      11.315700       0.023700      10.887800       0.016100      11.112200       0.019700
   301      10.718500       0.013900      11.309700       0.023600      10.870400       0.015900      11.106500       0.019600
   302      10.671900       0.013300      11.353900       0.024500      10.842000       0.015400      11.118100       0.019800
   303      10.719800       0.013900      11.297400       0.023300      10.868200       0.015800      11.089300       0.019300
   304      10.712300       0.013800      11.364200       0.024700      10.858400       0.015700      11.128800       0.020000
   305      10.721200       0.013800      11.312200       0.023500      10.864600       0.015700      11.115600       0.019700
   306      10.744500       0.014200      11.299100       0.023400      10.895700       0.016300      11.121400       0.019900
   307      10.712500       0.013700      11.320400       0.023700      10.901200       0.016300      11.169900       0.020700
   308      10.740800       0.014100      11.376800       0.025000      10.914800       0.016500      11.116600       0.019800
   309      10.727000       0.013900      11.337100       0.024100      10.878200       0.015900      11.164500       0.020600
   310      10.754100       0.014300      11.326700       0.023900      10.874400       0.015900      11.129300       0.020000
   311      10.751600       0.014200      11.363600       0.024700      10.841000       0.015400      11.133700       0.020100
   312      10.772200       0.014500      11.347800       0.024300      10.867300       0.015800      11.136100       0.020100
   313      10.714200       0.013800      11.346000       0.024300      10.908900       0.016400      11.118300       0.019800
   314      10.764500       0.014400      11.367000       0.024800      10.915500       0.016500      11.131000       0.020000
   316      10.741700       0.014200      11.364900       0.024800      10.855100       0.015700      11.120500       0.019900
   317      10.720700       0.013900      11.392300       0.025400      10.901100       0.016300      11.076900       0.019100
   318      10.736300       0.014100      11.382000       0.025200      10.884200       0.016100      11.142500       0.020300
   319      10.743400       0.014100      11.327700       0.023900      10.911700       0.016400      11.143200       0.020200
   320      10.768600       0.014500      11.379900       0.025100      10.899000       0.016300      11.130000       0.020000
   321      10.722100       0.013900      11.347200       0.024400      10.877300       0.016000      11.101000       0.019500
   322      10.787600       0.014700      11.378100       0.025000      10.886300       0.016100      11.170300       0.020800
   323      10.717800       0.013800      11.325900       0.023900      10.877700       0.016000      11.153800       0.020500
   324      10.700900       0.013700      11.282700       0.023000      10.865100       0.015800      11.005900       0.017900
   325      10.736700       0.014100      11.314500       0.023700      10.838000       0.015400      11.114700       0.019800
   326      10.683100       0.013400      11.380100       0.025100      10.844100       0.015500      11.160000       0.020600
   327      10.727900       0.014000      11.362600       0.024700      10.855600       0.015700      11.147900       0.020400
   328      10.764700       0.014400      11.365500       0.024700      10.865100       0.015700      11.143800       0.020200
   329      10.730400       0.014000      11.384500       0.025200      10.863100       0.015800      11.116800       0.019800
   330      10.738300       0.014100      11.388300       0.025200      10.889400       0.016100      11.133100       0.020000
   331      10.740900       0.014100      11.411400       0.025900      10.872400       0.015900      11.127900       0.020000
   332      10.704900       0.013700      11.390200       0.025300      10.883500       0.016000      11.175000       0.020800
   381      10.605600       0.012900      11.211200       0.022300      10.773000       0.015000      10.978600       0.018100
   382      10.622100       0.012900      11.246400       0.022500      10.773800       0.014700      10.971200       0.017600
   383      10.677200       0.013400      11.294800       0.023400      10.839100       0.015500      11.032300       0.018400
   384      10.699900       0.013700      11.320300       0.023900      10.805400       0.015100      11.049900       0.018700
   385      10.675500       0.013400      11.347900       0.024400      10.817100       0.015200      11.106900       0.019700
   386      10.677800       0.013400      11.348800       0.024400      10.851000       0.015600      11.055100       0.018700
   387      10.725400       0.013900      11.306700       0.023500      10.862800       0.015800      11.136500       0.020200
   389      10.684100       0.013400      11.342300       0.024300      10.853100       0.015600      11.088500       0.019300
   390      10.666600       0.013300      11.324900       0.024000      10.834400       0.015400      11.077800       0.019200
   391      10.681200       0.013400      11.326400       0.023900      10.840600       0.015500      11.103000       0.019600
   392      10.668100       0.013200      11.305800       0.023500      10.861600       0.015700      11.038100       0.018400
   393      10.634600       0.012900      11.376700       0.025100      10.859500       0.015700      11.058700       0.018800
   394      10.673500       0.013300      11.305900       0.023600      10.848000       0.015600      10.995600       0.017800
   395      10.662400       0.013200      11.312200       0.023600      10.840700       0.015400      11.110000       0.019700
   396      10.743000       0.014200      11.338700       0.024200      10.885900       0.016100      11.055600       0.018800
   397      10.722300       0.013900      11.325400       0.023900      10.840100       0.015500      11.015600       0.018100
   398      10.737900       0.014100      11.362800       0.024800      10.850200       0.015600      11.027100       0.018300
   399      10.710500       0.013800      11.375800       0.025100      10.783900       0.014700      11.035100       0.018400
   400      10.713900       0.013800      11.325900       0.024000      10.867500       0.015900      11.113100       0.019800
   401      10.707500       0.013700      11.332100       0.024100      10.834700       0.015400      11.109700       0.019700
   402      10.694900       0.013600      11.373400       0.025000      10.861100       0.015800      11.065400       0.019000
   403      10.720000       0.013900      11.389900       0.025400      10.815200       0.015100      11.106500       0.019700
   404      10.686600       0.013500      11.384600       0.025200      10.856300       0.015700      11.103100       0.019600
   405      10.704800       0.013700      11.339900       0.024300      10.862900       0.015800      11.080400       0.019200
   407      10.698200       0.013600      11.318200       0.023800      10.867300       0.015800      11.127000       0.020000
   408      10.750200       0.014300      11.295200       0.023300      10.839800       0.015400      11.078600       0.019100
   409      10.713400       0.013800      11.362600       0.024700      10.828500       0.015300      11.073600       0.019000
   410      10.686900       0.013500      11.402000       0.025700      10.881100       0.016000      11.052000       0.018700
   411      10.722200       0.013900      11.334500       0.024200      10.895400       0.016300      11.042200       0.018600
   412      10.713000       0.013800      11.363300       0.024800      10.875000       0.016000      11.045000       0.018600
   413      10.705800       0.013700      11.324900       0.023900      10.881200       0.016000      11.095100       0.019400
   414      10.698600       0.013600      11.315800       0.023700      10.880000       0.016000      11.091300       0.019400
   415      10.705000       0.013700      11.355800       0.024700      10.880800       0.016100      11.047300       0.018700
   416      10.696700       0.013600      11.312300       0.023600      10.893200       0.016200      11.134600       0.020100
   417      10.736400       0.014100      11.351700       0.024500      10.864800       0.015800      11.100000       0.019500
   418      10.722900       0.014000      11.378300       0.025200      10.846200       0.015600      11.084600       0.019300
   419      10.754400       0.014300      11.352900       0.024500      10.897400       0.016300      11.134300       0.020100
   420      10.679000       0.013300      11.409500       0.025700      10.925000       0.016600      11.108500       0.019600
   421      10.724300       0.014000      11.419900       0.026100      10.896900       0.016300      11.127200       0.020000
   422      10.686400       0.013500      11.427100       0.026200      10.893600       0.016200      11.106900       0.019600
   423      10.706900       0.013700      11.385500       0.025300      10.932000       0.016800      11.159100       0.020600
   424      10.745700       0.014200      11.308400       0.023600      10.870700       0.015900      11.142300       0.020300
   425      10.745500       0.014200      11.354600       0.024600      10.939000       0.016900      11.109500       0.019700
   426      10.770000       0.014600      11.436400       0.026500      10.886600       0.016100      11.072600       0.019100
   427      10.742000       0.014200      11.383400       0.025300      10.948400       0.017100      11.087900       0.019400
   428      10.767700       0.014500      11.419900       0.026200      10.924100       0.016700      11.141500       0.020300
   429      10.743400       0.014200      11.345800       0.024400      10.928700       0.016800      11.088900       0.019400
   430      10.762400       0.014400      11.373600       0.025000      10.921200       0.016600      11.120700       0.019900
   431      10.706100       0.013700      11.375600       0.025100      10.966800       0.017400      11.102900       0.019600
   432      10.680100       0.013400      11.323200       0.023800      10.937900       0.016800      11.084000       0.019200
   433      10.788200       0.014700      11.363300       0.024700      10.924000       0.016700      11.107600       0.019600
   434      10.704100       0.013700      11.347000       0.024400      10.883000       0.016100      11.152900       0.020500
   435      10.722000       0.013900      11.349300       0.024400      10.898400       0.016300      11.074500       0.019100
   436      10.716000       0.013900      11.364200       0.024900      10.852700       0.015700      11.116800       0.019900
   437      10.680700       0.013500      11.338300       0.024300      10.887100       0.016200      11.198900       0.021400
   438      10.774900       0.014600      11.380100       0.025200      10.934500       0.016900      11.127000       0.020100
   439      10.735700       0.014100      11.370000       0.025000      10.912200       0.016500      11.132000       0.020200
   440      10.746700       0.014300      11.352100       0.024600      10.934600       0.016900      11.081700       0.019300
   441      10.724500       0.014000      11.381400       0.025200      10.932000       0.016800      11.176300       0.021000
   442      10.736700       0.014100      11.418200       0.026100      10.916000       0.016600      11.210600       0.021600
   443      10.779700       0.014700      11.357100       0.024700      10.906500       0.016500      11.191400       0.021300
   444      10.786900       0.014700      11.398600       0.025500      10.895800       0.016200      11.146100       0.020300
   445      10.784000       0.014700      11.447600       0.026700      10.909400       0.016400      11.073700       0.019000
   446      10.809000       0.015100      11.386400       0.025300      10.930000       0.016800      11.163900       0.020700
   447      10.691200       0.013600      11.454800       0.027000      10.904300       0.016400      11.172400       0.020900
   448      10.752600       0.014300      11.364900       0.024900      10.897600       0.016300      11.176200       0.021000
   449      10.754500       0.014300      11.379800       0.025200      10.888300       0.016200      11.159900       0.020600
   450      10.753100       0.014300      11.441800       0.026600      10.896800       0.016300      11.246900       0.022300
   451      10.771200       0.014600      11.414200       0.026000      10.907600       0.016500      11.142700       0.020300
   452      10.765900       0.014500      11.430400       0.026400      10.951500       0.017100      11.182900       0.021100
   453      10.837900       0.015400      11.445300       0.026700      10.967800       0.017300      11.191900       0.021200
   454      10.734700       0.014100      11.399100       0.025600      10.884900       0.016100      11.183900       0.021100
   455      10.815400       0.015100      11.406700       0.025700      10.940900       0.016900      11.216700       0.021700
   456      10.761800       0.014400      11.456200       0.027000      10.992000       0.017700      11.141800       0.020300
   457      10.778500       0.014700      11.444300       0.026700      10.949300       0.017100      11.160000       0.020700
   458      10.800800       0.014900      11.395700       0.025500      10.932000       0.016800      11.149700       0.020400
   459      10.821200       0.015200      11.412500       0.026000      10.977200       0.017500      11.107300       0.019700
   460      10.769900       0.014500      11.381400       0.025200      10.979700       0.017600      11.192700       0.021300
   461      10.763400       0.014500      11.401000       0.025700      10.921500       0.016700      11.167100       0.020800
   462      10.831500       0.015400      11.428800       0.026300      10.925200       0.016700      11.129200       0.020100
   463      10.817600       0.015200      11.495700       0.028000      10.960300       0.017200      11.204600       0.021500
   464      10.789700       0.014800      11.420800       0.026100      10.985500       0.017600      11.159200       0.020600
   465      10.824200       0.015300      11.458300       0.027000      10.913500       0.016500      11.242600       0.022300
   466      10.794800       0.014900      11.423200       0.026200      10.922400       0.016700      11.140400       0.020300
   467      10.769300       0.014500      11.401200       0.025600      10.918500       0.016600      11.153300       0.020500
   468      10.842500       0.015500      11.422900       0.026100      10.926600       0.016700      11.149100       0.020400
   469      10.797900       0.014900      11.486200       0.027700      10.965800       0.017300      11.153800       0.020500
   470      10.786600       0.014800      11.479100       0.027600      10.958500       0.017300      11.173500       0.021000
   471      10.769300       0.014600      11.461500       0.027200      10.956500       0.017200      11.215300       0.021700
   472      10.765900       0.014400      11.475000       0.027400      10.980200       0.017500      11.266600       0.022700
   473      10.774000       0.014600      11.448700       0.026800      10.946200       0.017000      11.209300       0.021600
   474      10.785700       0.014700      11.499800       0.028000      11.000100       0.017800      11.188900       0.021100
   475      10.787600       0.014800      11.411200       0.025900      10.972400       0.017400      11.154300       0.020500
   476      10.763500       0.014400      11.406600       0.025700      10.956900       0.017200      11.201300       0.021400
   477      10.736200       0.014000      11.408600       0.025700      10.949000       0.017000      11.146100       0.020300
   478      10.803500       0.015000      11.482800       0.027600      11.012100       0.018000      11.152000       0.020400
   479      10.804600       0.015000      11.464100       0.027100      11.003100       0.017900      11.179800       0.021000
   480      10.869000       0.015900      11.434600       0.026400      11.051900       0.018700      11.155500       0.020500
   481      10.928100       0.016700      11.444200       0.026700      11.034300       0.018400      11.240300       0.022200
   482      10.840900       0.015500      11.452700       0.026900      11.027800       0.018400      11.239600       0.022200
   483      10.803400       0.014900      11.430700       0.026300      10.993600       0.017700      11.198700       0.021300
   484      10.786200       0.014800      11.489800       0.027800      10.997100       0.017800      11.199400       0.021400
   485      10.803500       0.015000      11.447100       0.026700      10.960500       0.017200      11.200300       0.021400
   486      10.827400       0.015300      11.442500       0.026600      10.980100       0.017500      11.254800       0.022500
   487      10.753700       0.014400      11.354200       0.024700      10.960900       0.017300      11.189100       0.021200
   488      10.784400       0.014700      11.439100       0.026600      10.941800       0.017000      11.207000       0.021500
   489      10.739900       0.014200      11.445800       0.026800      10.947100       0.017100      11.288300       0.023200
   490      10.756100       0.014300      11.437100       0.026500      10.972000       0.017400      11.231800       0.022000
   491      10.802000       0.015000      11.419400       0.026100      10.957200       0.017200      11.219100       0.021800
   493      10.818300       0.015200      11.427200       0.026300      11.012800       0.018100      11.183800       0.021100
   494      10.762800       0.014400      11.461100       0.027100      10.929100       0.016800      11.186900       0.021100
   495      10.752400       0.014300      11.495100       0.028000      10.974400       0.017500      11.187200       0.021200
   496      10.802600       0.015000      11.462000       0.027100      10.958300       0.017200      11.221300       0.021800
   497      10.781500       0.014700      11.444600       0.026700      10.984800       0.017600      11.231700       0.022000
   498      10.770500       0.014500      11.434500       0.026400      10.984300       0.017600      11.210000       0.021600
   499      10.831700       0.015400      11.420700       0.026200      10.935800       0.016900      11.209300       0.021600
   500      10.786200       0.014700      11.425200       0.026200      10.987300       0.017700      11.153200       0.020500
   501      10.793700       0.014900      11.468900       0.027300      10.945400       0.017000      11.191800       0.021300
   502      10.817700       0.015200      11.419500       0.026100      10.942200       0.017000      11.253800       0.022500
   503      10.830300       0.015300      11.520500       0.028500      10.939600       0.016900      11.202900       0.021400
   504      10.845600       0.015500      11.487400       0.027700      11.006600       0.017900      11.217800       0.021700
   505      10.822000       0.015200      11.457100       0.027000      10.946000       0.017000      11.213000       0.021700
   506      10.821000       0.015200      11.417000       0.026000      10.943600       0.017000      11.233600       0.022100
   507      10.829600       0.015300      11.511100       0.028300      11.027500       0.018300      11.243800       0.022200
   508      10.815100       0.015100      11.419300       0.026000      11.012800       0.018000      11.286900       0.023100
   509      10.860300       0.015800      11.492500       0.027900      10.976500       0.017500      11.284200       0.023100
   510      10.811700       0.015100      11.515100       0.028500      10.996300       0.017900      11.280300       0.023100
   511      10.841700       0.015500      11.433000       0.026400      10.958300       0.017200      11.245400       0.022200
   512      10.853400       0.015700      11.520400       0.028600      11.002200       0.017900      11.294100       0.023300
   513      10.836300       0.015400      11.395700       0.025500      10.978800       0.017500      11.247100       0.022300
   514      10.886300       0.016100      11.387100       0.025300      10.953500       0.017100      11.220300       0.021800
   515      10.819000       0.015200      11.468600       0.027300      10.974600       0.017500      11.243700       0.022300
   516      10.830600       0.015300      11.420100       0.026100      10.998800       0.017800      11.225700       0.021900
   517      10.869300       0.015900      11.446900       0.026800      11.008800       0.018000      11.312100       0.023700
   518      10.866300       0.015800      11.522600       0.028600      11.056200       0.018800      11.258400       0.022500
   519      10.856100       0.015700      11.484200       0.027700      11.040500       0.018600      11.297300       0.023400
   520      10.848900       0.015600      11.464800       0.027200      11.038300       0.018500      11.215700       0.021800
   521      10.861500       0.015800      11.429100       0.026400      10.991400       0.017800      11.265600       0.022800
   522      10.830200       0.015300      11.385100       0.025200      11.007300       0.018000      11.208800       0.021500
   523      10.843300       0.015500      11.448300       0.026800      11.005500       0.018000      11.261100       0.022600
   524      10.829900       0.015400      11.510100       0.028400      11.038400       0.018600      11.216400       0.021800
   525      10.851800       0.015700      11.395300       0.025600      11.039600       0.018500      11.211200       0.021700
   528      10.828000       0.015300      11.503300       0.028200      11.008400       0.018000      11.294400       0.023300
   529      10.881700       0.016100      11.485700       0.027700      10.990000       0.017700      11.283000       0.023100
   530      10.877600       0.016000      11.468000       0.027300      11.029000       0.018300      11.260900       0.022600
   531      10.861600       0.015800      11.430400       0.026400      11.067300       0.019100      11.330900       0.024200
   532      10.886700       0.016200      11.508300       0.028300      11.014700       0.018100      11.243600       0.022300
   533      10.906300       0.016400      11.459900       0.027100      11.002400       0.017900      11.240400       0.022200
   534      10.887800       0.016200      11.520400       0.028700      10.995800       0.017900      11.327200       0.024100
   535      10.923500       0.016700      11.468100       0.027300      11.047400       0.018700      11.312600       0.023700
   536      10.915100       0.016600      11.492900       0.028000      11.030700       0.018500      11.298900       0.023500
   537      10.846100       0.015600      11.505300       0.028200      11.025500       0.018300      11.305100       0.023500
   538      10.867300       0.015900      11.371800       0.025000      11.041100       0.018600      11.318600       0.023900
   543      10.896400       0.016300      11.483700       0.027700      11.031300       0.018400      11.356400       0.024700
   544      10.933000       0.016800      11.538700       0.029100      11.081700       0.019200      11.356400       0.024700
   545      10.897000       0.016300      11.588400       0.030500      11.059500       0.018900      11.363800       0.024900
   546      10.889800       0.016200      11.488500       0.027800      11.049500       0.018700      11.321200       0.023900
   547      10.631100       0.013300      11.278700       0.023800      10.850200       0.016200      10.939200       0.017500
   548      10.663100       0.013400      11.332100       0.024400      10.817000       0.015300      11.049500       0.018900
   549      10.716300       0.014000      11.396200       0.025700      10.855600       0.015800      11.103000       0.019700
   550      10.709300       0.013800      11.359000       0.024800      10.919500       0.016700      11.098500       0.019600
   551      10.671600       0.013400      11.343800       0.024400      10.868400       0.015900      11.060000       0.018900
   552      10.704600       0.013700      11.372400       0.025100      10.891500       0.016200      11.052500       0.018800
   553      10.699800       0.013700      11.377600       0.025100      10.906900       0.016400      11.055200       0.018800
   554      10.674700       0.013400      11.359200       0.024700      10.930100       0.016800      11.129600       0.020100
   555      10.740900       0.014100      11.373900       0.025000      10.890700       0.016200      11.075400       0.019100
   556      10.709100       0.013800      11.372800       0.025000      10.937800       0.016900      11.059400       0.018900
   557      10.728800       0.014000      11.370900       0.025000      10.890600       0.016200      11.072000       0.019100
   558      10.743400       0.014200      11.339600       0.024200      10.882000       0.016100      11.104600       0.019600
   559      10.727700       0.014000      11.360100       0.024700      10.906100       0.016400      11.064800       0.019000
   560      10.755700       0.014300      11.374200       0.025000      10.936600       0.016800      11.139000       0.020200
   561      10.714800       0.013800      11.404200       0.025700      10.944800       0.017000      11.075500       0.019100
   562      10.716700       0.013900      11.389300       0.025400      10.858700       0.015800      11.144600       0.020400
   563      10.745400       0.014200      11.358900       0.024700      10.884800       0.016100      11.101300       0.019600
   564      10.711000       0.013800      11.374200       0.025000      10.861900       0.015800      11.081000       0.019200
   565      10.708900       0.013800      11.367000       0.025000      10.882300       0.016100      11.109100       0.019800
   566      10.762600       0.014400      11.350800       0.024500      10.874400       0.016000      11.051100       0.018700
   567      10.769800       0.014500      11.427000       0.026300      10.918300       0.016600      11.078800       0.019200
   568      10.723200       0.014000      11.348800       0.024500      10.898000       0.016300      11.160500       0.020700
   569      10.776700       0.014600      11.397700       0.025600      10.889200       0.016200      11.111000       0.019800
   570      10.742900       0.014200      11.396100       0.025600      10.937500       0.016900      11.060900       0.018900
   571      10.805900       0.015000      11.431000       0.026400      10.963500       0.017300      11.166300       0.020800
   572      10.792000       0.014800      11.434100       0.026400      10.965800       0.017300      11.159000       0.020600
   573      10.752700       0.014400      11.379700       0.025200      10.929200       0.016800      11.126600       0.020100
   574      10.764500       0.014500      11.373300       0.025100      10.986600       0.017700      11.097500       0.019600
   575      10.805700       0.015000      11.398000       0.025600      10.966400       0.017300      11.169400       0.020800
   576      10.752700       0.014300      11.440300       0.026600      10.956400       0.017200      11.211100       0.021600
   577      10.747000       0.014200      11.444400       0.026700      10.925000       0.016700      11.155400       0.020500
   578      10.761200       0.014400      11.376600       0.025100      11.038700       0.018500      11.150400       0.020400
   579      10.778800       0.014700      11.375200       0.025100      10.885400       0.016200      11.141000       0.020300
   580      10.763000       0.014500      11.436300       0.026500      10.917300       0.016600      11.157600       0.020600
   581      10.757200       0.014400      11.416500       0.026100      10.914400       0.016600      11.211100       0.021700
   582      10.787800       0.014800      11.442700       0.026700      10.908600       0.016500      11.182000       0.021100
   583      10.769600       0.014600      11.458900       0.027100      10.938600       0.016900      11.156600       0.020600
   584      10.770900       0.014600      11.483700       0.027700      10.931000       0.016800      11.121100       0.019900
   585      10.759900       0.014400      11.478700       0.027600      10.876100       0.016000      11.195800       0.021400
   586      10.746400       0.014300      11.458700       0.027100      10.900400       0.016400      11.194800       0.021300
   587      10.746800       0.014200      11.460600       0.027100      10.890100       0.016200      11.162500       0.020700
   588      10.754700       0.014300      11.462600       0.027100      10.947500       0.017000      11.170100       0.020800
   589      10.734300       0.014200      11.443800       0.026800      10.949300       0.017200      11.155300       0.020700
   590      10.744000       0.014200      11.423100       0.026300      10.919000       0.016700      11.189500       0.021300
   591      10.712900       0.013800      11.456600       0.027000      10.935000       0.016800      11.276400       0.022900
   592      10.743900       0.014200      11.446700       0.026800      10.940700       0.017000      11.180900       0.021000
   593      10.799000       0.014900      11.392000       0.025500      10.941400       0.017000      11.179900       0.021000
   594      10.804500       0.015000      11.508000       0.028300      10.939500       0.017000      11.220700       0.021900
   595      10.764800       0.014500      11.420000       0.026200      10.911200       0.016600      11.185600       0.021200
   596      10.757400       0.014400      11.450100       0.026800      10.925300       0.016700      11.221800       0.021800
   597      10.768200       0.014500      11.446600       0.026800      10.987200       0.017700      11.210200       0.021600
   598      10.775600       0.014600      11.391700       0.025500      10.889600       0.016200      11.245800       0.022300
   599      10.778900       0.014700      11.429300       0.026400      10.942700       0.017000      11.195600       0.021300
   600      10.762700       0.014500      11.428400       0.026300      10.911700       0.016500      11.165700       0.020800
   601      10.784900       0.014700      11.431700       0.026400      10.909700       0.016500      11.104700       0.019600
   602      10.726100       0.014000      11.467900       0.027400      10.920900       0.016700      11.106500       0.019700
   603      10.778500       0.014700      11.453200       0.027000      11.011400       0.018100      11.210900       0.021700
   604      10.775800       0.014700      11.417400       0.026200      10.933600       0.016900      11.174300       0.021000
   605      10.808300       0.015100      11.440900       0.026700      10.964000       0.017300      11.160900       0.020700
   606      10.777800       0.014700      11.462700       0.027200      10.947500       0.017100      11.188400       0.021300
   607      10.788400       0.014800      11.390100       0.025400      10.932500       0.016800      11.214400       0.021700
   608      10.797000       0.014900      11.505500       0.028300      10.912600       0.016600      11.167100       0.020800
   609      10.829700       0.015400      11.444500       0.026800      10.970300       0.017500      11.183400       0.021200
   610      10.857700       0.015800      11.432900       0.026500      10.910900       0.016600      11.144400       0.020400
   611      10.819900       0.015200      11.440300       0.026700      10.972800       0.017500      11.184200       0.021200
   612      10.798800       0.015000      11.476500       0.027600      11.004400       0.018000      11.251500       0.022500
   613      10.784500       0.014700      11.443500       0.026700      10.989800       0.017700      11.173700       0.020900
   614      10.810400       0.015100      11.504500       0.028300      11.002700       0.018000      11.239000       0.022200
   615      10.796900       0.015000      11.465400       0.027300      10.992800       0.017800      11.255500       0.022600
   616      10.781600       0.014700      11.456800       0.027100      10.963200       0.017300      11.208100       0.021600
   617      10.788800       0.014900      11.496300       0.028100      10.988900       0.017800      11.212300       0.021700
   618      10.815800       0.015200      11.496300       0.028100      10.961600       0.017400      11.210000       0.021700
   620      10.802700       0.015000      11.469800       0.027400      11.029400       0.018400      11.215900       0.021800
   621      10.831300       0.015400      11.465400       0.027300      11.004900       0.018000      11.169800       0.020900
   622      10.830500       0.015400      11.457500       0.027100      10.967300       0.017400      11.226300       0.022000
   623      10.799400       0.014900      11.460100       0.027100      11.009400       0.018000      11.196800       0.021300
   624      10.770600       0.014600      11.439600       0.026700      10.950400       0.017200      11.247600       0.022400
   625      10.805800       0.015000      11.509100       0.028400      10.994900       0.017800      11.210200       0.021600
   626      10.798300       0.015000      11.551600       0.029600      10.962000       0.017400      11.194400       0.021400
   627      10.797700       0.014900      11.492300       0.027900      11.036700       0.018500      11.194900       0.021300
   628      10.846400       0.015600      11.453100       0.027000      11.012800       0.018100      11.290900       0.023300
   629      10.846500       0.015600      11.440800       0.026600      11.043300       0.018600      11.243900       0.022300
   630      10.857900       0.015800      11.475800       0.027600      11.025800       0.018400      11.225100       0.022000
   631      10.864700       0.015900      11.473500       0.027500      11.037900       0.018600      11.276800       0.023000
   632      10.858800       0.015800      11.526900       0.028900      11.000800       0.018000      11.275100       0.023000
   633      10.876100       0.016100      11.460300       0.027200      10.957500       0.017300      11.219300       0.021900
   634      10.888600       0.016200      11.537000       0.029100      11.025600       0.018400      11.170100       0.020900
   635      10.852000       0.015700      11.444100       0.026800      10.996900       0.017900      11.225400       0.022000
   636      10.827100       0.015400      11.488300       0.028000      10.964300       0.017400      11.244300       0.022400
   637      10.849400       0.015700      11.502600       0.028200      11.017200       0.018200      11.300300       0.023500
   638      10.841100       0.015600      11.478600       0.027700      11.027600       0.018400      11.303800       0.023700
   639      10.839000       0.015500      11.461600       0.027200      11.011600       0.018100      11.248100       0.022500
   641      10.842100       0.015600      11.514700       0.028600      10.995300       0.017900      11.318300       0.023900
   642      10.836600       0.015500      11.564800       0.030000      11.008000       0.018100      11.174800       0.021100
   643      10.872100       0.016000      11.550300       0.029500      11.035200       0.018500      11.172800       0.021000
   644      10.869600       0.016000      11.547100       0.029400      11.024400       0.018400      11.235500       0.022200
   645      10.894800       0.016300      11.529700       0.029000      11.019000       0.018300      11.241600       0.022300
   646      10.853400       0.015800      11.421700       0.026300      11.018800       0.018300      11.263700       0.022800
   647      10.864400       0.015900      11.452100       0.027000      11.016600       0.018200      11.275400       0.023000
   648      10.884000       0.016200      11.468500       0.027400      11.005900       0.018100      11.169000       0.020900
   650      10.885800       0.016200      11.487900       0.027900      11.085400       0.019400      11.266100       0.022800
   651      10.825400       0.015400      11.498000       0.028200      11.027800       0.018400      11.218000       0.021900
   652      10.868900       0.016000      11.554900       0.029700      11.078600       0.019300      11.283200       0.023200
   653      10.888100       0.016300      11.538700       0.029200      11.033600       0.018500      11.309400       0.023800
   654      10.768400       0.014600      11.450400       0.027000      10.993800       0.017900      11.221400       0.022000
   655      10.860800       0.015800      11.519200       0.028700      10.973300       0.017500      11.251200       0.022500
   656      10.858400       0.015900      11.453000       0.027100      11.045700       0.018800      11.255300       0.022700
   657      10.844200       0.015600      11.489000       0.028000      11.018500       0.018300      11.216600       0.021900
   658      10.884900       0.016200      11.595700       0.030700      11.001900       0.018000      11.253800       0.022600
   659      10.985700       0.017700      11.569000       0.030000      11.053900       0.018800      11.274200       0.022900
   660      10.869900       0.016000      11.581100       0.030300      11.073100       0.019200      11.304800       0.023600
   661      10.870600       0.016000      11.548000       0.029500      11.093900       0.019600      11.338600       0.024400
   662      10.866200       0.015900      11.478900       0.027700      11.036300       0.018500      11.283400       0.023200
   663      10.861200       0.015800      11.544200       0.029300      11.055800       0.018900      11.288600       0.023300
   664      10.859900       0.015900      11.467000       0.027400      11.020200       0.018300      11.257400       0.022700
   665      10.910600       0.016600      11.449700       0.027000      11.013500       0.018200      11.317500       0.024000
   666      10.862000       0.015900      11.507400       0.028500      11.018100       0.018300      11.306400       0.023800
   667      10.901700       0.016400      11.534800       0.029100      11.009100       0.018100      11.281600       0.023100
   668      10.906200       0.016500      11.508100       0.028400      11.045600       0.018700      11.268600       0.022900
   669      10.895300       0.016400      11.472100       0.027600      11.055300       0.018900      11.251700       0.022600
   670      10.926500       0.016800      11.520800       0.028800      11.086300       0.019400      11.273200       0.023000
   671      10.914300       0.016600      11.525600       0.028900      11.107800       0.019800      11.285200       0.023200
   672      10.963700       0.017400      11.506600       0.028400      11.002800       0.018100      11.242600       0.022400
   673      10.931100       0.016900      11.540000       0.029300      11.096300       0.019600      11.298600       0.023600
   674      10.905900       0.016500      11.605100       0.031100      11.100900       0.019700      11.293700       0.023400
