0
12
25
37
50
62
75
87
100
112
124
137
149
162
174
187
199
212
224
237
249
261
274
286
299
311
324
336
349
361
373
386
398
411
423
436
448
461
473
486
498
510
523
536
548
560
573
585
598
610
623
635
648
660
672
685
697
710
722
735
747
760
772
785
797
809
822
834
847
859
872
884
897
909
921
934
946
1289
1301
1314
1326
1339
1351
1364
1376
1389
1401
1414
1426
1439
1451
1463
1476
1488
1501
1513
1526
1538
1551
1563
1576
1588
1600
1613
1625
1638
1650
1663
1675
1688
1700
1713
1725
1737
1750
1762
1775
1787
1800
1812
1825
1837
1850
1862
1874
1887
1899
1912
1924
1937
1949
1962
1974
1987
1999
2011
2024
2036
2049
2061
2074
2086
2099
2111
2124
2136
2148
2161
2173
2186
2198
2211
2223
2236
2248
2260
2273
2285
2298
2310
2323
2335
2348
2360
2373
2392
2406
2419
2431
2446
2459
2471
2484
2496
2509
2521
2534
2546
2559
2571
2583
2596
2608
2621
2633
2646
2658
2671
2683
2695
2708
2720
2733
2745
2758
2770
2783
2795
2808
2821
2834
2846
2859
2871
2884
2896
2908
2922
2934
2947
2959
2971
2984
2996
3009
3021
3041
3060
3077
3097
3110
3122
3135
3149
3161
3290
3303
3315
3328
3340
3353
3365
3378
3390
3403
3415
3427
3440
3452
3465
3477
3490
3502
3515
3527
3539
3552
3564
3577
3589
3602
3614
3627
3639
3652
3664
3676
3689
3701
3714
3726
3739
3751
3764
3776
3788
3801
3813
3826
3838
3851
3863
3876
3888
3900
3913
3925
3938
3950
3963
3975
3988
4000
4013
4025
4037
4050
4062
4075
4087
4100
4112
4125
4137
4150
4162
4174
4541
4554
4566
4579
4591
4604
4616
4628
4641
4653
4666
4678
4691
4703
4716
4728
4741
4753
4765
4778
4790
4803
4815
4828
4840
4853
4865
4878
4890
4902
4915
4927
4940
4952
4965
4977
4990
5002
5015
5027
5039
5052
5064
5077
5089
5102
5114
5127
5139
5152
5164
5176
5189
5201
5214
5226
5239
5251
5264
5276
5288
5301
5313
5326
5338
5351
5363
5376
5388
5401
5413
5426
5438
5450
5463
5475
5488
5500
5513
5525
5538
5550
5563
5575
5587
5600
5612
5625
5637
5720
5733
5745
5758
5770
5783
5795
5807
5820
5832
5845
5857
5870
5882
5895
5907
5920
5932
5945
5957
5969
5982
5994
6007
6019
6032
6044
6057
6069
6082
6094
6106
6119
6131
6144
6156
6169
6181
6194
6206
6243
6256
6268
6281
6293
6306
6318
6331
6343
6355
6368
6380
6393
6405
6418
6430
6443
6455
6468
6480
6492
6505
6517
6530
6542
6555
6567
6580
6592
6605
6617
6629
6642
6654
6667
6679
6692
6704
6717
6729
6742
6754
6767
6779
6793
6806
6818
6831
6843
6856
6868
6881
6893
6905
6918
6930
6943
6955
6968
6980
6993
7005
7018
7030
7049
7061
7074
7086
7099
7111
7123
7136
7148
7161
7173
7186
7198
7211
7223
7236
7248
7260
7273
7285
7298
7310
7323
7335
7348
7360
7372
7385
7397
7410
7422
7435
7447
7460
7472
7484
7497
7509
7522
7534
7547
7559
7572
7584
7597
7609
7621
7634
7646
7872
7884
7897
7909
7922
7934
7947
7959
7971
7984
7996
8009
8021
8034
8046
8059
8071
8084
8096
8108
8121
8133
8146
8158
8171
8183
8196
8208
8220
8233
8245
8258
8270
8283
8295
8308
8320
8333
8345
8357
8370
8382
8395
8407
8420
8432
8445
8457
8469
8482
8494
8507
8519
8532
8544
8557
8569
8582
8594
8606
8619
8631
8644
8656
8669
8681
8694
8706
8718
8731
8743
8756
8768
8781
8793
8806
8818
8831
8843
8856
8868
8880
8893
8905
8918
8930
8943
8955
8968
8980
8993
9005
9018
9030
9042
9055
9067
9080
9092
9105
9117
9130
9142
9155
9167
9179
9192
9204
9217
9229
9242
9254
9267
9279
9292
9304
9317
9329
9341
9354
9366
9379
9391
9404
9416
9429
9441
9454
9466
