#The columns are: Time, (XCoord, Mag, Magerr)x3.
     0    2069.314500      11.119800       0.023000    2293.600100      10.741100       0.016400    2264.704300      10.823300       0.017600
     25    2081.120600      11.245400       0.022600    2305.797400      10.855400       0.015900    2276.765400      11.020400       0.018400
     37    2086.159400      11.320600       0.024000    2310.269300      10.898600       0.016400    2280.750500      11.072400       0.019200
     50    2091.378200      11.279600       0.023100    2315.222200      10.906500       0.016500    2286.101300      11.059900       0.019000
     87    2106.980000      11.393900       0.025500    2331.075700      10.917700       0.016600    2301.780800      11.091300       0.019400
     100    2109.671100      11.400400       0.025600    2334.121100      10.910700       0.016500    2305.086700      11.160600       0.020600
    112    2117.400600      11.459900       0.027000    2340.719000      10.921400       0.016600    2311.899700      11.235100       0.022000
    124    2121.306200      11.380300       0.025100    2344.881600      10.988900       0.017600    2316.268300      11.178900       0.020900
    137    2125.463400      11.384100       0.025300    2349.975300      10.948200       0.017000    2320.925300      11.135300       0.020200
    149    2129.915500      11.398500       0.025500    2354.132600      10.974600       0.017400    2324.676000      11.095900       0.019400
    162    2136.295200      11.412600       0.025900    2359.710000      10.965300       0.017300    2329.837200      11.135200       0.020100
    174    2141.706800      11.439700       0.026500    2365.124800      10.939600       0.016900    2336.042200      11.165300       0.020700
    187    2149.014200      11.443200       0.026600    2372.850600      10.902100       0.016300    2343.925000      11.175900       0.020900
    199    2148.387200      11.436200       0.026400    2372.762200      10.927700       0.016700    2344.093800      11.166600       0.020700
    212    2152.856200      11.445900       0.026500    2375.958700      10.904300       0.016300    2347.532500      11.223500       0.021700
    224    2157.731000      11.401200       0.025500    2381.180900      10.906700       0.016300    2352.394000      11.102200       0.019500
    237    2161.926300      11.420200       0.025900    2385.842500      10.970300       0.017300    2356.857400      11.149800       0.020300
    249    2168.013400      11.444200       0.026600    2391.736800      11.030000       0.018300    2362.563000      11.210200       0.021500
    261    2175.148200      11.485000       0.027600    2399.042700      11.009800       0.018000    2370.216800      11.217600       0.021700
    274    2179.796900      11.450800       0.026700    2403.889600      10.949900       0.017000    2374.750700      11.194500       0.021200
    286    2185.106000      11.445300       0.026500    2409.224400      10.948000       0.016900    2380.151600      11.178100       0.020800
    299    2191.014400      11.437200       0.026400    2415.185300      10.962700       0.017200    2385.584000      11.238600       0.022000
    311    2196.846200      11.491300       0.027700    2420.916500      10.948500       0.016900    2392.082300      11.238500       0.022000
    324    2198.620400      11.457600       0.026900    2423.135300      10.944200       0.016900    2394.046100      11.207300       0.021400
    336    2204.802200      11.395400       0.025300    2429.116500      10.898700       0.016200    2400.114000      11.204900       0.021300
    349    2211.004400      11.441400       0.026500    2434.282200      10.917500       0.016500    2405.225100      11.221000       0.021700
    361    2212.515900      11.477100       0.027300    2436.220200      10.882600       0.016000    2407.686800      11.177100       0.020800
    411    2233.274200      11.490300       0.027700    2457.214100      10.980700       0.017500    2428.346900      11.291800       0.023100
    423    2238.972900      11.442900       0.026400    2462.836700      10.986200       0.017500    2434.023400      11.256400       0.022300
    436    2242.920900      11.480000       0.027400    2467.424100      11.043800       0.018500    2438.655500      11.285900       0.023000
    448    2249.335900      11.513800       0.028200    2473.388400      10.980700       0.017400    2444.923100      11.190000       0.021000
    473    2259.625700      11.423600       0.026000    2483.533400      11.047200       0.018500    2454.070300      11.294200       0.023100
    486    2263.637200      11.495800       0.027700    2489.501000      11.057500       0.018700    2460.360400      11.278300       0.022800
    498    2270.168200      11.484500       0.027400    2493.005600      11.058900       0.018700    2463.929900      11.326000       0.023800
    510    2275.504900      11.553400       0.029300    2499.456300      11.054100       0.018700    2470.275100      11.249200       0.022200
    523    2277.106200      11.451300       0.026600    2504.337900      11.026600       0.018200    2474.795400      11.287900       0.023000
    536    2285.525900      11.533900       0.028700    2509.352500      11.067100       0.018800    2480.851800      11.405100       0.025500
    548    2290.540800      11.500800       0.027900    2514.343500      11.040300       0.018400    2485.832300      11.352300       0.024400
    560    2297.024200      11.474400       0.027200    2520.896000      10.950700       0.017000    2491.460900      11.345800       0.024200
    573    2302.149200      11.557300       0.029200    2526.645800      11.066300       0.018800    2497.904300      11.320100       0.023600
    585    2306.703900      11.576300       0.029900    2531.845700      11.108900       0.019600    2502.645500      11.348200       0.024300
    610    2314.630100      11.558100       0.029400    2539.544900      11.069300       0.018900    2509.668000      11.295100       0.023200
    623    2321.789600      11.582900       0.030000    2543.398200      11.121400       0.019800    2514.601100      11.371100       0.024800
    635    2323.452600      11.558900       0.029400    2547.476100      11.054400       0.018600    2518.618700      11.279600       0.022800
    648    2328.954800      11.516000       0.028300    2554.022700      11.090300       0.019300    2524.612300      11.324400       0.023800
    660    2334.083000      11.554700       0.029200    2558.484400      11.090500       0.019200    2529.208000      11.324000       0.023700
    672    2341.716100      11.568800       0.029600    2565.662100      11.081100       0.019100    2536.799300      11.366800       0.024700
    685    2346.163600      11.589800       0.030200    2570.207800      11.066000       0.018800    2539.147500      11.355900       0.024400
    697    2352.241200      11.549500       0.029100    2577.310500      11.020900       0.018100    2548.354500      11.286300       0.023000
    710    2358.177700      11.503300       0.027900    2581.937500      11.077500       0.019000    2552.787100      11.250800       0.022200
    722    2362.823000      11.552300       0.029200    2587.266800      11.058600       0.018700    2558.027600      11.355700       0.024400
    735    2368.246800      11.587300       0.030200    2592.239300      11.071900       0.019000    2562.662400      11.314100       0.023600
    747    2371.616900      11.580800       0.030000    2595.685100      11.056900       0.018700    2567.217500      11.298600       0.023200
    760    2374.946000      11.540000       0.028900    2599.200200      11.064900       0.018800    2570.136700      11.331400       0.023900
    772    2382.717500      11.633300       0.031500    2605.694100      11.177200       0.020900    2577.151400      11.346500       0.024300
    785    2385.291500      11.518800       0.028300    2609.456800      11.138600       0.020100    2579.972700      11.442000       0.026400
    809    2397.538300      11.624200       0.031200    2622.286400      11.209400       0.021400    2593.340300      11.426800       0.026100
    822    2402.880900      11.679400       0.032900    2627.338100      11.191000       0.021100    2596.210400      11.430400       0.026200
    834    2405.488800      11.604600       0.030600    2629.231200      11.158000       0.020400    2599.950700      11.352900       0.024400
    847    2412.937000      11.669000       0.032400    2637.086900      11.140000       0.020100    2607.839800      11.440000       0.026400
    859    2414.673600      11.656800       0.032100    2640.707300      11.169800       0.020600    2611.588600      11.357300       0.024500
    872    2421.399700      11.516300       0.028300    2646.127000      11.085200       0.019100    2617.213600      11.379600       0.025000
    884    2427.411100      11.585200       0.030100    2651.330300      11.063800       0.018800    2622.073500      11.335900       0.024000
    921    2462.291300      11.625700       0.031200    2685.724900      11.181000       0.020900    2658.048600      11.364300       0.024600
    934    2467.519800      11.684100       0.032900    2690.836200      11.219100       0.021600    2662.405000      11.414800       0.025800
    946    2474.192400      11.612900       0.030800    2698.494100      11.162200       0.020500    2669.422100      11.426500       0.026000
