     1    2069.314500     -12.080200       0.023000    2293.600100     -12.458900       0.016400    2264.704300     -12.376700       0.017600
     2    2076.230000     -11.927600       0.023400    2299.834000     -12.323600       0.016400    2271.037600     -12.170400       0.018800
     3    2081.120600     -11.954600       0.022600    2305.797400     -12.344600       0.015900    2276.765400     -12.179600       0.018400
     4    2086.159400     -11.879400       0.024000    2310.269300     -12.301400       0.016400    2280.750500     -12.127600       0.019200
     5    2091.378200     -11.920400       0.023100    2315.222200     -12.293500       0.016500    2286.101300     -12.140100       0.019000
     6    2095.731000     -11.837300       0.024800    2319.250500     -12.205700       0.017800    2290.226600     -12.017500       0.021100
     7    2101.201700     -11.780400       0.026200    2324.608900     -12.261900       0.016900    2295.848400     -12.065400       0.020200
     8    2106.980000     -11.806100       0.025500    2331.075700     -12.282300       0.016600    2301.780800     -12.108700       0.019400
     9    2109.671100     -11.799600       0.025600    2334.121100     -12.289300       0.016500    2305.086700     -12.039400       0.020600
    10    2117.400600     -11.740100       0.027000    2340.719000     -12.278600       0.016600    2311.899700     -11.964900       0.022000
    11    2121.306200     -11.819700       0.025100    2344.881600     -12.211200       0.017600    2316.268300     -12.021100       0.020900
    12    2125.463400     -11.815900       0.025300    2349.975300     -12.251800       0.017000    2320.925300     -12.064700       0.020200
    13    2129.915500     -11.801500       0.025500    2354.132600     -12.225400       0.017400    2324.676000     -12.104100       0.019400
    14    2136.295200     -11.787400       0.025900    2359.710000     -12.234700       0.017300    2329.837200     -12.064800       0.020100
    15    2141.706800     -11.760300       0.026500    2365.124800     -12.260400       0.016900    2336.042200     -12.034700       0.020700
    16    2149.014200     -11.756800       0.026600    2372.850600     -12.297900       0.016300    2343.925000     -12.024100       0.020900
    17    2148.387200     -11.763800       0.026400    2372.762200     -12.272300       0.016700    2344.093800     -12.033400       0.020700
    18    2152.856200     -11.754100       0.026500    2375.958700     -12.295700       0.016300    2347.532500     -11.976500       0.021700
    19    2157.731000     -11.798800       0.025500    2381.180900     -12.293300       0.016300    2352.394000     -12.097800       0.019500
    20    2161.926300     -11.779800       0.025900    2385.842500     -12.229700       0.017300    2356.857400     -12.050200       0.020300
    21    2168.013400     -11.755800       0.026600    2391.736800     -12.170000       0.018300    2362.563000     -11.989800       0.021500
    22    2175.148200     -11.715000       0.027600    2399.042700     -12.190200       0.018000    2370.216800     -11.982400       0.021700
    23    2179.796900     -11.749200       0.026700    2403.889600     -12.250100       0.017000    2374.750700     -12.005500       0.021200
    24    2185.106000     -11.754700       0.026500    2409.224400     -12.252000       0.016900    2380.151600     -12.021900       0.020800
    25    2191.014400     -11.762800       0.026400    2415.185300     -12.237300       0.017200    2385.584000     -11.961400       0.022000
    26    2196.846200     -11.708700       0.027700    2420.916500     -12.251500       0.016900    2392.082300     -11.961500       0.022000
    27    2198.620400     -11.742400       0.026900    2423.135300     -12.255800       0.016900    2394.046100     -11.992700       0.021400
    28    2204.802200     -11.804600       0.025300    2429.116500     -12.301300       0.016200    2400.114000     -11.995100       0.021300
    29    2211.004400     -11.758600       0.026500    2434.282200     -12.282500       0.016500    2405.225100     -11.979000       0.021700
    30    2212.515900     -11.722900       0.027300    2436.220200     -12.317400       0.016000    2407.686800     -12.022900       0.020800
    31    2218.222700     -11.760200       0.026400    2442.779500     -12.195900       0.017800    2413.504900     -11.975900       0.021700
    32    2224.027100     -11.765700       0.026200    2448.100600     -12.190500       0.017900    2419.362100     -11.945000       0.022300
    33    2230.074500     -11.764600       0.026300    2453.892800     -12.196200       0.017800    2425.428500     -11.970600       0.021800
    34    2233.274200     -11.709700       0.027700    2457.214100     -12.219300       0.017500    2428.346900     -11.908200       0.023100
    35    2238.972900     -11.757100       0.026400    2462.836700     -12.213800       0.017500    2434.023400     -11.943600       0.022300
    36    2242.920900     -11.720000       0.027400    2467.424100     -12.156200       0.018500    2438.655500     -11.914100       0.023000
    37    2249.335900     -11.686200       0.028200    2473.388400     -12.219300       0.017400    2444.923100     -12.010000       0.021000
    38    2253.689500     -11.751800       0.026600    2478.003200     -12.154700       0.018500    2450.121800     -11.858900       0.024100
    39    2259.625700     -11.776400       0.026000    2483.533400     -12.152800       0.018500    2454.070300     -11.905800       0.023100
    40    2263.637200     -11.704200       0.027700    2489.501000     -12.142500       0.018700    2460.360400     -11.921700       0.022800
    41    2270.168200     -11.715500       0.027400    2493.005600     -12.141100       0.018700    2463.929900     -11.874000       0.023800
    42    2275.504900     -11.646600       0.029300    2499.456300     -12.145900       0.018700    2470.275100     -11.950800       0.022200
    43    2277.106200     -11.748700       0.026600    2504.337900     -12.173400       0.018200    2474.795400     -11.912100       0.023000
    44    2285.525900     -11.666100       0.028700    2509.352500     -12.132900       0.018800    2480.851800     -11.794900       0.025500
    45    2290.540800     -11.699200       0.027900    2514.343500     -12.159700       0.018400    2485.832300     -11.847700       0.024400
    46    2297.024200     -11.725600       0.027200    2520.896000     -12.249300       0.017000    2491.460900     -11.854200       0.024200
    47    2302.149200     -11.642700       0.029200    2526.645800     -12.133700       0.018800    2497.904300     -11.879900       0.023600
    48    2306.703900     -11.623700       0.029900    2531.845700     -12.091100       0.019600    2502.645500     -11.851800       0.024300
    49    2313.699500     -11.586300       0.030900    2537.309800     -12.118300       0.019100    2507.723400     -11.835600       0.024600
    50    2314.630100     -11.641900       0.029400    2539.544900     -12.130700       0.018900    2509.668000     -11.904900       0.023200
    51    2321.789600     -11.617100       0.030000    2543.398200     -12.078600       0.019800    2514.601100     -11.828900       0.024800
    52    2323.452600     -11.641100       0.029400    2547.476100     -12.145600       0.018600    2518.618700     -11.920400       0.022800
    53    2328.954800     -11.684000       0.028300    2554.022700     -12.109700       0.019300    2524.612300     -11.875600       0.023800
    54    2334.083000     -11.645300       0.029200    2558.484400     -12.109500       0.019200    2529.208000     -11.876000       0.023700
    55    2341.716100     -11.631200       0.029600    2565.662100     -12.118900       0.019100    2536.799300     -11.833200       0.024700
    56    2346.163600     -11.610200       0.030200    2570.207800     -12.134000       0.018800    2539.147500     -11.844100       0.024400
    57    2352.241200     -11.650500       0.029100    2577.310500     -12.179100       0.018100    2548.354500     -11.913700       0.023000
    58    2358.177700     -11.696700       0.027900    2581.937500     -12.122500       0.019000    2552.787100     -11.949200       0.022200
    59    2362.823000     -11.647700       0.029200    2587.266800     -12.141400       0.018700    2558.027600     -11.844300       0.024400
    60    2368.246800     -11.612700       0.030200    2592.239300     -12.128100       0.019000    2562.662400     -11.885900       0.023600
    61    2371.616900     -11.619200       0.030000    2595.685100     -12.143100       0.018700    2567.217500     -11.901400       0.023200
    62    2374.946000     -11.660000       0.028900    2599.200200     -12.135100       0.018800    2570.136700     -11.868600       0.023900
    63    2382.717500     -11.566700       0.031500    2605.694100     -12.022800       0.020900    2577.151400     -11.853500       0.024300
    64    2385.291500     -11.681200       0.028300    2609.456800     -12.061400       0.020100    2579.972700     -11.758000       0.026400
    65    2390.274200     -11.543500       0.032100    2616.057100     -12.046300       0.020400    2587.090300     -11.800500       0.025400
    66    2397.538300     -11.575800       0.031200    2622.286400     -11.990600       0.021400    2593.340300     -11.773200       0.026100
    67    2402.880900     -11.520600       0.032900    2627.338100     -12.009000       0.021100    2596.210400     -11.769600       0.026200
    68    2405.488800     -11.595400       0.030600    2629.231200     -12.042000       0.020400    2599.950700     -11.847100       0.024400
    69    2412.937000     -11.531000       0.032400    2637.086900     -12.060000       0.020100    2607.839800     -11.760000       0.026400
    70    2414.673600     -11.543200       0.032100    2640.707300     -12.030200       0.020600    2611.588600     -11.842700       0.024500
    71    2421.399700     -11.683700       0.028300    2646.127000     -12.114800       0.019100    2617.213600     -11.820400       0.025000
    72    2427.411100     -11.614800       0.030100    2651.330300     -12.136200       0.018800    2622.073500     -11.864100       0.024000
    73    2451.266600     -11.619600       0.029900    2675.767100     -12.009400       0.021000    2646.975100     -11.814500       0.025100
    74    2456.409200     -11.614100       0.030100    2680.620800     -11.977500       0.021700    2651.676000     -11.754100       0.026500
    75    2462.291300     -11.574300       0.031200    2685.724900     -12.019000       0.020900    2658.048600     -11.835700       0.024600
    76    2467.519800     -11.515900       0.032900    2690.836200     -11.980900       0.021600    2662.405000     -11.785200       0.025800
    77    2474.192400     -11.587100       0.030800    2698.494100     -12.037800       0.020500    2669.422100     -11.773500       0.026000
    78    1953.127700     -11.952500       0.022900    2177.140900     -12.389800       0.015500    2148.564200     -12.167800       0.018900
    79    1959.769200     -11.927100       0.023000    2183.695300     -12.391400       0.015100    2155.237800     -12.141900       0.019000
    80    1963.357100     -11.881800       0.023700    2187.617900     -12.372400       0.015300    2158.748000     -12.082200       0.019800
    81    1969.933600     -11.880000       0.023800    2193.537800     -12.405100       0.014800    2165.254600     -12.087700       0.019700
    82    1973.867300     -11.913300       0.023000    2197.685300     -12.394500       0.014900    2169.462200     -12.111900       0.019200
    83    1981.454700     -11.826900       0.024900    2205.323200     -12.322400       0.015900    2177.120600     -12.089100       0.019600
    84    1984.151400     -11.871300       0.023900    2207.945800     -12.328000       0.015800    2179.402100     -12.125800       0.019000
    85    1987.765100     -11.862900       0.024100    2211.654800     -12.368100       0.015300    2183.072500     -12.051300       0.020300
    86    1993.962400     -11.842500       0.024500    2217.920200     -12.340700       0.015700    2189.227300     -12.005100       0.021200
    87    1998.642100     -11.832000       0.024800    2222.197800     -12.336700       0.015800    2193.996600     -12.107200       0.019400
    88    2002.881100     -11.843400       0.024500    2227.092800     -12.319100       0.016000    2198.482700     -12.063600       0.020100
    89    2008.832800     -11.837800       0.024700    2232.647700     -12.308600       0.016200    2204.215800     -12.069000       0.020100
    90    2015.505700     -11.831500       0.024800    2239.356200     -12.327500       0.015900    2210.981700     -12.050800       0.020300
    91    2021.152600     -11.852300       0.024300    2244.861800     -12.310200       0.016100    2216.795200     -12.035400       0.020600
    92    2026.844100     -11.860200       0.024200    2250.852100     -12.291900       0.016400    2222.451400     -12.038700       0.020600
    93    2032.133500     -11.914100       0.023000    2256.126000     -12.338300       0.015700    2227.480700     -12.077000       0.019900
    94    2036.272700     -11.914600       0.023000    2260.194300     -12.283800       0.016500    2231.723600     -12.004900       0.021200
    95    2042.467200     -11.844000       0.024500    2266.098100     -12.314300       0.016000    2237.519800     -12.064400       0.020100
    96    2046.492100     -11.831700       0.024800    2270.829300     -12.285500       0.016500    2242.085900     -12.059600       0.020200
    97    2050.962900     -11.825600       0.024900    2274.639200     -12.340000       0.015700    2246.533400     -12.079300       0.019800
    98    2055.617900     -11.806400       0.025300    2279.754400     -12.360800       0.015400    2251.480700     -12.060700       0.020100
    99    2059.076900     -11.858200       0.024100    2282.765100     -12.243100       0.017100    2254.173800     -12.055600       0.020200
   100    2064.896500     -11.850900       0.024400    2288.511500     -12.298100       0.016300    2260.177200     -12.050900       0.020300
   101    2071.505100     -11.796800       0.025600    2295.746800     -12.267700       0.016800    2267.494900     -12.036400       0.020600
   102    2074.952600     -11.822600       0.025000    2299.088900     -12.231000       0.017300    2270.731700     -12.088200       0.019700
   103    2080.521000     -11.832700       0.024700    2304.594200     -12.274400       0.016600    2275.785400     -12.026400       0.020800
   104    2085.641600     -11.737300       0.026900    2310.106200     -12.239400       0.017100    2281.311800     -12.040800       0.020500
   105    2090.890900     -11.807600       0.025300    2315.096700     -12.313900       0.016100    2286.801000     -12.023100       0.020900
   106    2093.371100     -11.875500       0.023800    2317.479000     -12.285200       0.016500    2288.803000     -12.019200       0.020900
   107    2098.784700     -11.825000       0.024900    2322.924600     -12.314200       0.016000    2294.368400     -12.059000       0.020200
   108    2102.281000     -11.769400       0.026300    2326.974400     -12.287200       0.016500    2298.294700     -12.036000       0.020700
   109    2109.219700     -11.791400       0.025700    2333.389600     -12.258100       0.016900    2305.103500     -12.102500       0.019400
   110    2112.538800     -11.653500       0.029200    2337.487500     -12.182500       0.018100    2308.118900     -11.879500       0.023800
   111    2126.217800     -11.844400       0.024500    2350.234400     -12.290300       0.016400    2321.870400     -12.029300       0.020800
   112    2131.246100     -11.850500       0.024400    2355.397000     -12.305100       0.016200    2327.226600     -12.040900       0.020600
   113    2136.136000     -11.831800       0.024700    2360.284700     -12.286800       0.016400    2331.930900     -12.046200       0.020400
   114    2139.894000     -11.836500       0.024600    2364.185800     -12.309400       0.016100    2335.657700     -12.048100       0.020300
   115    2144.124300     -11.879200       0.023700    2368.209000     -12.287000       0.016400    2339.794200     -12.036600       0.020600
   116    2149.243900     -11.775600       0.026100    2373.635500     -12.313600       0.016100    2345.371300     -12.014700       0.021000
   117    2153.717300     -11.768900       0.026300    2378.082800     -12.279500       0.016600    2349.854500     -12.031200       0.020700
   118    2156.603800     -11.776300       0.026100    2380.595500     -12.251200       0.017000    2352.054200     -12.078100       0.019900
   119    2159.724100     -11.823600       0.025100    2383.997300     -12.257200       0.017000    2355.450200     -11.973200       0.021900
   120    2166.449500     -11.844800       0.024500    2390.740500     -12.264800       0.016800    2362.504600     -12.048900       0.020400
   121    2171.104500     -11.791000       0.025800    2394.879900     -12.240900       0.017200    2366.817400     -12.040500       0.020600
   122    2176.196500     -11.780700       0.026100    2400.166000     -12.256900       0.017000    2371.940900     -12.029400       0.020800
   123    2181.747800     -11.779300       0.026000    2405.981700     -12.296100       0.016300    2377.701400     -11.993100       0.021400
   124    2188.168000     -11.812300       0.025200    2412.215100     -12.242700       0.017100    2383.799800     -12.007700       0.021100
   125    2194.425500     -11.747700       0.026800    2418.980200     -12.239100       0.017200    2390.417700     -12.003200       0.021300
   126    2198.137000     -11.765900       0.026300    2422.536100     -12.242100       0.017100    2394.094200     -11.960500       0.022100
   127    2200.559800     -11.787700       0.025800    2425.401100     -12.248100       0.017000    2396.627900     -12.002200       0.021200
   128    2207.432100     -11.765400       0.026200    2431.770300     -12.223200       0.017400    2403.192400     -11.961500       0.022000
   129    2207.871600     -11.645100       0.029400    2434.032200     -12.264900       0.016800    2405.947000     -12.000600       0.021300
   130    2214.777600     -11.811200       0.025200    2438.783400     -12.251700       0.017000    2410.331300     -11.970800       0.021800
   131    2218.429000     -11.780500       0.026100    2442.708000     -12.220300       0.017500    2414.055900     -11.959400       0.022200
   132    2224.418700     -11.749800       0.026700    2448.976600     -12.230900       0.017300    2419.769800     -11.912900       0.023100
   133    2227.505600     -11.778600       0.025900    2451.847700     -12.248400       0.017000    2423.250700     -11.934400       0.022500
   134    2235.591600     -11.739600       0.026900    2459.881100     -12.212500       0.017600    2431.412800     -11.981200       0.021600
   135    2241.132100     -11.731100       0.027200    2465.702900     -12.186400       0.018000    2437.035400     -11.939000       0.022500
   136    2243.798600     -11.758600       0.026600    2467.951200     -12.218300       0.017500    2439.176500     -12.004900       0.021300
   137    2250.589800     -11.753100       0.026600    2474.466100     -12.166300       0.018300    2446.540000     -11.965800       0.022000
   138    2254.858900     -11.777100       0.026000    2479.583700     -12.143700       0.018700    2451.330800     -11.973400       0.021800
   139    2259.545400     -11.768900       0.026200    2484.148700     -12.195400       0.017800    2456.070600     -11.985500       0.021500
   140    2263.166300     -11.754700       0.026600    2487.778600     -12.166100       0.018300    2459.147200     -11.953700       0.022200
   141    2268.853800     -11.772800       0.026100    2493.362300     -12.135800       0.018800    2465.235400     -11.977100       0.021700
   142    2272.663100     -11.724900       0.027300    2497.525900     -12.211000       0.017600    2468.945100     -11.917700       0.022900
   143    2279.794400     -11.743400       0.026900    2504.275400     -12.236500       0.017200    2475.778600     -11.999100       0.021400
   144    2284.720200     -11.734700       0.027200    2509.404800     -12.239300       0.017200    2480.981400     -12.005200       0.021300
   145    2289.993900     -11.676600       0.028600    2514.182100     -12.207300       0.017700    2486.040000     -11.939600       0.022500
   146    2294.832500     -11.738200       0.027100    2519.231400     -12.215100       0.017600    2491.030300     -11.940500       0.022500
   147    2299.365000     -11.704400       0.027800    2524.056200     -12.241200       0.017100    2495.573200     -11.917100       0.023000
   148    2301.086900     -11.728600       0.027300    2525.935800     -12.254100       0.017000    2497.890100     -11.957400       0.022200
   149    2306.971200     -11.742400       0.026900    2533.666500     -12.189200       0.018000    2505.179400     -12.016800       0.021000
   150    2311.819300     -11.746700       0.026800    2536.743200     -12.166400       0.018300    2507.724100     -11.941800       0.022400
   151    2315.382100     -11.708800       0.027700    2540.120800     -12.201100       0.017800    2511.590300     -11.990800       0.021500
   152    2321.219200     -11.641700       0.029500    2545.890100     -12.165300       0.018400    2517.534400     -11.962000       0.022000
   153    2325.882600     -11.697400       0.028000    2550.545400     -12.251600       0.017000    2522.427700     -11.967100       0.021900
   154    2330.799100     -11.689800       0.028200    2555.220700     -12.184500       0.018000    2526.961400     -11.992700       0.021400
   155    2337.904300     -11.712500       0.027600    2562.317900     -12.159000       0.018500    2533.776600     -11.947900       0.022300
   156    2340.970200     -11.698300       0.028000    2565.454600     -12.184100       0.018000    2536.821300     -11.920900       0.022900
   157    2347.377200     -11.688100       0.028000    2572.199500     -12.159900       0.018300    2544.426000     -12.051100       0.020200
   158    2352.192100     -11.701700       0.027900    2576.754200     -12.189800       0.018000    2548.681400     -11.993400       0.021400
   159    2356.735100     -11.730800       0.027200    2582.513400     -11.683800       0.028400    2552.918200     -11.971800       0.021900
   160    2361.772500     -11.697400       0.028100    2586.569600     -12.150900       0.018600    2557.983400     -11.957300       0.022200
   161    2364.046400     -11.736500       0.027000    2588.927500     -12.175000       0.018200    2560.685300     -12.004500       0.021200
   162    2369.801500     -11.691300       0.028200    2594.312500     -12.141300       0.018800    2566.140600     -11.983900       0.021600
   163    2373.730200     -11.746400       0.026800    2598.124800     -12.145500       0.018700    2569.516800     -11.955800       0.022200
   164    2379.288800     -11.669700       0.028700    2603.771200     -12.125000       0.019000    2575.472400     -11.947500       0.022300
   165    2385.914800     -11.697100       0.028000    2610.246100     -12.133900       0.018900    2581.856700     -11.955300       0.022200
   166    2394.314900     -11.699100       0.028000    2619.117200     -12.175100       0.018200    2590.607900     -11.967300       0.022000
   167    2397.162800     -11.712700       0.027600    2621.765400     -12.209300       0.017600    2593.275900     -11.945400       0.022400
   168    2401.438500     -11.703700       0.027800    2626.404800     -12.171300       0.018200    2597.655500     -11.879500       0.023700
   169    2405.978300     -11.716000       0.027500    2631.012500     -12.177200       0.018100    2602.016600     -11.915300       0.022900
   170    2410.326900     -11.664900       0.028800    2635.531200     -12.131400       0.018900    2606.699500     -11.875600       0.023800
   171    2414.682900     -11.726100       0.027300    2639.667200     -12.126300       0.019000    2611.078400     -11.857400       0.024200
   172    2423.132300     -11.724900       0.027400    2647.540500     -12.104600       0.019400    2619.147500     -11.939000       0.022500
   173    2427.003900     -11.715200       0.027500    2651.381600     -12.157300       0.018500    2623.222700     -11.933400       0.022600
   174    2431.974900     -11.685500       0.028300    2656.366900     -12.161800       0.018400    2628.385500     -11.930200       0.022700
   175    2438.507100     -11.674200       0.028600    2662.960900     -12.074700       0.019900    2637.535200     -11.541900       0.032200
   176    2440.502900     -11.673300       0.028600    2665.409200     -12.100100       0.019500    2637.013700     -11.890200       0.023500
   177    2446.987800     -11.687800       0.028200    2671.974100     -12.127700       0.018900    2642.394500     -11.857400       0.024200
   178    2452.097900     -11.654200       0.029200    2677.019500     -12.037900       0.020600    2647.929700     -11.949100       0.022300
   179    2454.208300     -11.689100       0.028300    2678.854000     -12.126900       0.019100    2650.948000     -11.923400       0.022900
   180    2461.022000     -11.549300       0.032000    2684.637000     -12.136100       0.018900    2656.135000     -11.967500       0.021900
   181    2465.210700     -11.649100       0.029300    2689.887900     -12.115200       0.019200    2661.316200     -11.874200       0.023900
   182    2469.955300     -11.632500       0.029700    2695.016100     -12.070800       0.020000    2666.527600     -11.914400       0.023000
   183    2472.409400     -11.648500       0.029300    2697.691400     -12.060400       0.020200    2668.728300     -11.918900       0.022900
   184    2478.968500     -11.699400       0.027900    2703.397200     -12.119600       0.019100    2675.327900     -11.927200       0.022700
   185    2483.579300     -11.684600       0.028300    2708.360800     -12.103100       0.019400    2679.973400     -11.936300       0.022500
   186    2489.540000     -11.680000       0.028400    2714.777600     -12.136900       0.018800    2688.776100     -11.643100       0.029300
   187    2494.632800     -11.670000       0.028700    2719.325200     -12.094500       0.019600    2690.555700     -11.841100       0.024600
   188    2499.268600     -11.688700       0.028200    2724.287400     -12.128100       0.019000    2695.722900     -11.799400       0.025500
   189    2505.186500     -11.647300       0.029300    2729.790800     -12.066900       0.020100    2701.713600     -11.861300       0.024200
   190    2509.879600     -11.581100       0.031100    2734.786400     -12.057400       0.020200    2706.541000     -11.786700       0.025800
   191    2513.529300     -11.641700       0.029400    2738.202100     -12.091800       0.019600    2710.384500     -11.825700       0.024900
   192    2514.984100     -11.600900       0.030500    2740.016800     -12.043100       0.020500    2711.040000     -11.866400       0.024000
   193    2521.852300     -11.633500       0.029600    2746.712600     -12.011800       0.021000    2718.225100     -11.832800       0.024700
   194    2526.723900     -11.649600       0.029200    2751.972400     -12.100300       0.019500    2723.199200     -11.839800       0.024600
   195    2532.437500     -11.561700       0.031500    2756.816400     -12.097900       0.019400    2728.510000     -11.880300       0.023600
   196    2536.013900     -11.627800       0.029900    2761.429400     -12.132200       0.018900    2733.218300     -11.875400       0.023900
   197    2538.684300     -11.584900       0.031000    2765.659400     -12.081900       0.019800    2736.731900     -11.808900       0.025300
   198    2546.239000     -11.511500       0.032300    2770.918500     -12.108700       0.018800    2742.367200     -11.837300       0.024100
   199    2550.661400     -11.600600       0.029700    2775.503200     -12.020300       0.020400    2747.011700     -11.793900       0.025000
   200    2555.449500     -11.644600       0.029400    2779.841100     -11.962900       0.022000    2752.116700     -11.777600       0.026100
   201    2560.101300     -11.641600       0.029400    2784.764200     -12.037600       0.020600    2755.709700     -11.808300       0.025300
   202    2564.477500     -11.573400       0.031300    2789.634000     -12.046500       0.020400    2761.356200     -11.850000       0.024300
   203    2571.026600     -11.565600       0.031500    2795.454600     -12.024600       0.020800    2766.882100     -11.785600       0.025800
   204    2574.024400     -11.645000       0.029400    2798.625500     -11.979000       0.021700    2769.987300     -11.858300       0.024200
   205    2577.811300     -11.630000       0.029800    2802.600600     -12.027500       0.020800    2774.051500     -11.827800       0.024900
   206    2584.589800     -11.507800       0.033200    2809.578900     -11.956300       0.022100    2781.429200     -11.868200       0.023900
   207    2589.009800     -11.526900       0.032600    2814.546600     -11.980200       0.021600    2785.733200     -11.825000       0.024900
   208    2592.753700     -11.520800       0.032900    2818.182900     -12.037000       0.020600    2789.606700     -11.791000       0.025700
   209    2598.202400     -11.601300       0.030600    2823.367700     -12.085300       0.019700    2795.103500     -11.774000       0.026100
   210    2603.194600     -11.489900       0.033700    2827.906700     -12.073400       0.019900    2800.284400     -11.755700       0.026500
   211    2605.559300     -11.601400       0.030500    2829.943100     -12.011200       0.021000    2802.193800     -11.723700       0.027300
   212    2610.470700     -11.689900       0.028100    2834.894300     -11.970400       0.021800    2806.801800     -11.723300       0.027300
   213    2612.653800     -11.540300       0.032200    2837.373500     -11.954800       0.022100    2808.723600     -11.740700       0.026900
   214    2631.870100     -11.126000       0.047000    2839.893600     -10.628000       0.074100    2811.762000     -10.377200       0.093200
   215    2634.948500     -11.521700       0.032900    2859.799800     -11.995400       0.021400    2831.961700     -11.681200       0.028400
   216    2640.357900     -11.563500       0.031500    2864.982400     -11.899100       0.023300    2836.866500     -11.744100       0.026800
   217    2648.942900     -11.497600       0.033700    2873.642100     -11.928200       0.022800    2844.992700     -11.678200       0.028600
   218    2659.435500     -11.488600       0.033000    2884.108400     -11.938700       0.022000    2855.889900     -11.755600       0.025900
   219    2664.656700     -11.695800       0.027800    2889.703600     -11.952900       0.022000    2861.186300     -11.737400       0.026700
   220    2670.567400     -11.597000       0.030900    2894.847900     -12.043400       0.020600    2866.708000     -11.716600       0.027700
   221    2675.221900     -11.654300       0.029200    2899.379900     -12.027700       0.020800    2871.707800     -11.662000       0.028900
   222    2678.077100     -11.505800       0.033200    2902.232400     -11.973600       0.021800    2874.707800     -11.646800       0.029200
   223    2682.169400     -11.427800       0.035600    2906.697300     -11.915600       0.022900    2878.791500     -11.679600       0.028300
   224    2694.077400     -11.480500       0.034100    2918.541700     -11.901000       0.023300    2889.145800     -11.504900       0.033300
   225    2702.443600     -11.466600       0.034500    2927.285400     -11.901200       0.023300    2899.355000     -11.532500       0.032500
   226    1961.762500     -11.832000       0.025400    2185.716100     -12.271800       0.017100    2157.468300     -12.031700       0.021200
   227    1968.219800     -11.802100       0.025600    2191.948500     -12.194700       0.018000    2163.928700     -12.000000       0.021400
   228    1971.233200     -11.806100       0.025300    2195.293900     -12.165600       0.018300    2167.203100     -11.976300       0.021700
   229    1972.991700     -11.760100       0.026300    2197.193400     -12.145800       0.018600    2169.099400     -11.948000       0.022200
   230    1978.394900     -11.735600       0.026900    2202.374500     -12.141000       0.018700    2174.555400     -11.892300       0.023300
   231    1984.147200     -11.854600       0.024300    2208.193400     -12.337700       0.015700    2180.379900     -12.118200       0.019100
   232    1988.868300     -11.826100       0.024900    2213.182100     -12.323500       0.015900    2185.055400     -12.094400       0.019600
   233    1992.527800     -11.858200       0.024200    2216.890100     -12.322300       0.016000    2188.867400     -12.075700       0.019900
   234    1997.998700     -11.866000       0.024000    2222.107400     -12.299500       0.016200    2194.199200     -12.033600       0.020600
   235    2004.758400     -11.931400       0.022700    2229.105700     -12.302100       0.016300    2201.443800     -12.054200       0.020300
   236    2009.103100     -11.808400       0.025400    2233.684300     -12.293700       0.016400    2205.807400     -12.069900       0.020100
   237    2013.850200     -11.806700       0.025300    2238.116500     -12.354100       0.015500    2210.509500     -12.092700       0.019500
   238    2018.811400     -11.865700       0.024100    2243.289100     -12.348100       0.015600    2215.206300     -12.070200       0.020000
   239    2024.299400     -11.823600       0.025100    2248.466100     -12.378900       0.015200    2220.470900     -12.112300       0.019300
   240    2027.228500     -11.873500       0.023900    2251.513400     -12.319400       0.016000    2223.406700     -12.108300       0.019300
   241    2030.745500     -11.909000       0.023100    2254.737800     -12.320600       0.015900    2226.815400     -12.050100       0.020300
   242    2036.648400     -11.669000       0.028700    2259.929000     -12.376000       0.015200    2231.585700     -12.038600       0.020500
   243    2040.547200     -11.870100       0.024000    2264.667700     -12.339100       0.015800    2236.976100     -12.054900       0.020300
   244    2044.520500     -11.877800       0.023900    2269.026100     -12.332400       0.015800    2241.167200     -12.060900       0.020200
   245    2048.985100     -11.842400       0.024600    2273.136200     -12.270300       0.016700    2245.072300     -12.057300       0.020200
   246    2053.329800     -11.847300       0.024500    2277.937000     -12.322800       0.016000    2250.084500     -12.027400       0.020800
   247    2059.170200     -11.840900       0.024600    2283.295700     -12.278100       0.016600    2255.531000     -12.030000       0.020700
   248    2064.315700     -11.892600       0.023500    2288.696500     -12.276800       0.016600    2260.578600     -12.070100       0.020100
   249    2068.552200     -11.828900       0.024900    2292.627900     -12.273500       0.016700    2264.524700     -12.101000       0.019500
   250    2073.056900     -11.784200       0.025900    2297.464600     -12.310700       0.016100    2269.382800     -12.070600       0.020000
   251    2077.644500     -11.848700       0.024500    2301.858200     -12.279400       0.016600    2273.825400     -12.058700       0.020200
   252    2083.015100     -11.860200       0.024300    2307.570100     -12.330500       0.015900    2279.408200     -12.009600       0.021200
   253    2085.932900     -11.858000       0.024300    2310.519300     -12.327200       0.015900    2282.427500     -12.084500       0.019800
   254    2090.645500     -11.879300       0.023800    2314.709200     -12.316300       0.016000    2286.943600     -12.074500       0.019900
   255    2093.744900     -11.775500       0.026100    2318.067600     -12.270700       0.016700    2289.984600     -12.040700       0.020600
   256    2103.013400     -11.840000       0.024600    2327.873800     -12.277700       0.016600    2300.066400     -12.066500       0.020100
   257    2107.763900     -11.848100       0.024400    2331.875500     -12.301200       0.016200    2304.228500     -12.002100       0.021300
   258    2110.836200     -11.838600       0.024700    2335.414300     -12.300900       0.016300    2306.105000     -11.965600       0.022000
   259    2117.378200     -11.791600       0.025700    2341.874500     -12.228500       0.017300    2314.318400     -12.047900       0.020400
   260    2121.629400     -11.811600       0.025200    2345.868200     -12.267000       0.016700    2318.039300     -12.055500       0.020200
   261    2124.319600     -11.839600       0.024700    2348.644500     -12.280200       0.016600    2321.059300     -12.098600       0.019500
   262    2128.307400     -11.798200       0.025500    2353.041500     -12.251200       0.017000    2325.005600     -12.013400       0.021000
   263    2131.304000     -11.788800       0.025800    2356.085700     -12.273300       0.016700    2328.163100     -12.036900       0.020600
   264    2137.125500     -11.840000       0.024700    2361.653100     -12.270100       0.016800    2333.612500     -12.044900       0.020500
   265    2138.304400     -11.867900       0.024000    2363.069800     -12.260300       0.016900    2335.049300     -12.068500       0.020000
   266    2145.272500     -11.764100       0.026400    2369.753200     -12.240700       0.017100    2342.023200     -11.977800       0.021700
   267    2150.539800     -11.760200       0.026400    2375.037800     -12.229300       0.017300    2347.190200     -12.075600       0.019900
   268    2157.049800     -11.826600       0.024900    2381.611600     -12.210700       0.017600    2353.921900     -11.993200       0.021400
   269    2161.118700     -11.792000       0.025700    2385.554400     -12.199500       0.017800    2358.034700     -12.040300       0.020500
   270    2165.448500     -11.765800       0.026300    2390.089400     -12.160600       0.018400    2362.048300     -11.982700       0.021600
   271    2170.943400     -11.768600       0.026300    2395.471900     -12.255800       0.016900    2367.442400     -11.968100       0.021900
   272    2176.404300     -11.818500       0.025100    2400.648200     -12.260000       0.016800    2372.439500     -11.938100       0.022500
   273    2180.095200     -11.790700       0.025700    2404.840800     -12.003000       0.021200    2376.621100     -11.939100       0.022500
   274    2182.298100     -11.731600       0.027100    2406.980000     -12.235000       0.017200    2379.126700     -11.946200       0.022300
   275    2189.248500     -11.777400       0.026100    2413.578400     -12.247200       0.017100    2385.451200     -11.958800       0.022100
   276    2192.279100     -11.675800       0.028600    2416.252400     -12.221100       0.017500    2388.655800     -11.965100       0.022000
   277    2198.308800     -11.759300       0.026300    2422.823200     -12.215900       0.017400    2395.296100     -11.935400       0.022400
   278    2202.822300     -11.729600       0.027200    2427.222700     -12.236300       0.017200    2399.303700     -11.924500       0.022800
   279    2208.578400     -11.737800       0.027000    2433.031000     -12.256200       0.016900    2404.915300     -11.952100       0.022200
   280    2213.291300     -11.782000       0.025900    2437.585700     -12.188300       0.017900    2409.636200     -11.906000       0.023100
   281    2216.513700     -11.740400       0.026900    2440.893800     -12.205200       0.017700    2413.111600     -11.930200       0.022600
   282    2221.087600     -11.745100       0.026800    2445.548800     -12.162000       0.018400    2417.526600     -11.992700       0.021400
   283    2225.595900     -11.765700       0.026300    2450.157500     -12.187200       0.018000    2422.402100     -11.934900       0.022500
   284    2229.596900     -11.728900       0.027100    2454.181600     -12.173400       0.018200    2426.215800     -11.938600       0.022500
   285    2233.990000     -11.734000       0.027000    2458.443800     -12.174600       0.018100    2430.833700     -11.889200       0.023400
   286    2238.419900     -11.719900       0.027400    2462.863500     -12.179900       0.018100    2435.132300     -11.860200       0.024100
   287    2242.217300     -11.670000       0.028700    2466.777100     -12.174900       0.018200    2438.879600     -11.920000       0.022900
   288    2247.270800     -11.743700       0.026900    2471.507800     -12.176800       0.018200    2443.799800     -11.870500       0.024000
   289    2251.507300     -11.700100       0.027900    2476.433800     -12.114600       0.019200    2448.315700     -11.853800       0.024300
   290    2256.149700     -11.753200       0.026600    2480.714400     -12.140100       0.018700    2452.682400     -11.931700       0.022600
   291    2260.794200     -11.716200       0.027500    2484.962200     -12.122800       0.019000    2457.115000     -11.899900       0.023300
   292    1882.203500     -11.939300       0.022900    2106.906500     -12.396700       0.015100    2079.131600     -12.178400       0.018400
   293    1888.911100     -11.928300       0.022800    2112.976600     -12.382500       0.015200    2085.545700     -12.161900       0.018500
   294    1891.739500     -11.843800       0.024600    2115.906000     -12.328100       0.015900    2090.292500     -11.811800       0.025300
   295    1898.545200     -11.913700       0.023100    2122.980200     -12.369000       0.015300    2094.943600     -12.084900       0.019800
   296    1902.381200     -11.886100       0.023700    2126.620400     -12.377000       0.015200    2098.733200     -12.125400       0.019100
   297    1906.826400     -11.887600       0.023500    2131.011200     -12.350700       0.015500    2103.595900     -12.125100       0.019000
   298    1912.982100     -11.853900       0.024300    2137.203900     -12.352200       0.015500    2109.401400     -12.114200       0.019200
   299    1916.566900     -11.899200       0.023300    2140.861600     -12.340900       0.015700    2113.430900     -12.079400       0.019800
   300    1921.043200     -11.884300       0.023700    2145.515400     -12.312200       0.016100    2117.764900     -12.087800       0.019700
   301    1923.917100     -11.890300       0.023600    2148.453600     -12.329600       0.015900    2120.825400     -12.093500       0.019600
   302    1928.030900     -11.846100       0.024500    2152.381800     -12.358000       0.015400    2124.786600     -12.081900       0.019800
   303    1932.026500     -11.902600       0.023300    2156.071800     -12.331800       0.015800    2129.076200     -12.110700       0.019300
   304    1936.486000     -11.835800       0.024700    2160.970700     -12.341600       0.015700    2133.387500     -12.071200       0.020000
   305    1939.642300     -11.887800       0.023500    2163.554200     -12.335400       0.015700    2136.521500     -12.084400       0.019700
   306    1944.838300     -11.900900       0.023400    2168.406500     -12.304300       0.016300    2141.218800     -12.078600       0.019900
   307    1950.497400     -11.879600       0.023700    2174.654500     -12.298800       0.016300    2147.105500     -12.030100       0.020700
   308    1953.646200     -11.823200       0.025000    2178.055900     -12.285200       0.016500    2150.546900     -12.083400       0.019800
   309    1957.486800     -11.862900       0.024100    2182.027600     -12.321800       0.015900    2154.295400     -12.035500       0.020600
   310    1961.768300     -11.873300       0.023900    2186.479700     -12.325600       0.015900    2158.972900     -12.070700       0.020000
   311    1967.673700     -11.836400       0.024700    2192.147500     -12.359000       0.015400    2164.655300     -12.066300       0.020100
   312    1973.823000     -11.852200       0.024300    2198.038800     -12.332700       0.015800    2170.533700     -12.063900       0.020100
   313    1975.959800     -11.854000       0.024300    2200.641400     -12.291100       0.016400    2173.186300     -12.081700       0.019800
   314    1980.629000     -11.833000       0.024800    2205.089800     -12.284500       0.016500    2177.701900     -12.069000       0.020000
   315    1988.368700     -11.596800       0.030700    2211.162400     -12.310600       0.016100    2183.523400     -12.077400       0.019900
   316    1990.256100     -11.835100       0.024800    2215.043500     -12.344900       0.015700    2187.400100     -12.079500       0.019900
   317    1995.467000     -11.807700       0.025400    2219.571500     -12.298900       0.016300    2191.530000     -12.123100       0.019100
   318    1999.633200     -11.818000       0.025200    2223.964400     -12.315800       0.016100    2195.986800     -12.057500       0.020300
   319    2006.628800     -11.872300       0.023900    2231.362100     -12.288300       0.016400    2203.738800     -12.056800       0.020200
   320    2010.488600     -11.820100       0.025100    2235.088900     -12.301000       0.016300    2207.429700     -12.070000       0.020000
   321    2014.835300     -11.852800       0.024400    2239.305900     -12.322700       0.016000    2211.615200     -12.099000       0.019500
   322    2018.203500     -11.821900       0.025000    2242.721900     -12.313700       0.016100    2215.159900     -12.029700       0.020800
   323    2021.615700     -11.874100       0.023900    2245.237800     -12.322300       0.016000    2218.562300     -12.046200       0.020500
   324    2026.735400     -11.917300       0.023000    2251.795700     -12.334900       0.015800    2224.188200     -12.194100       0.017900
   325    2030.063600     -11.885500       0.023700    2254.784400     -12.362000       0.015400    2227.340600     -12.085300       0.019800
   326    2036.643200     -11.819900       0.025100    2261.559800     -12.355900       0.015500    2233.893800     -12.040000       0.020600
   327    2041.725700     -11.837400       0.024700    2265.974100     -12.344400       0.015700    2238.741900     -12.052100       0.020400
   328    2047.075000     -11.834500       0.024700    2272.035200     -12.334900       0.015700    2244.545700     -12.056200       0.020200
   329    2054.024700     -11.815500       0.025200    2278.630600     -12.336900       0.015800    2250.947300     -12.083200       0.019800
   330    2058.133100     -11.811700       0.025200    2282.715800     -12.310600       0.016100    2255.659200     -12.066900       0.020000
   331    2064.597200     -11.788600       0.025900    2288.984600     -12.327600       0.015900    2261.486300     -12.072100       0.020000
   332    2067.616000     -11.809800       0.025300    2292.397200     -12.316500       0.016000    2264.889400     -12.025000       0.020800
   333    2072.046100     -11.817900       0.025100    2296.515600     -12.340500       0.015700    2269.256800     -12.090000       0.019600
   334    2075.658400     -11.821300       0.025000    2300.492900     -12.311900       0.016100    2273.033000     -12.068200       0.020000
   335    2080.991000     -11.814000       0.025300    2305.656200     -12.307400       0.016200    2278.054700     -12.069700       0.020100
   336    2085.135700     -11.841200       0.024600    2309.676300     -12.331200       0.015800    2282.432100     -12.114300       0.019200
   337    2089.505600     -11.778200       0.026100    2314.202400     -12.293900       0.016400    2287.107900     -12.004100       0.021300
   338    2095.285200     -11.834200       0.024800    2319.931400     -12.291400       0.016400    2292.325200     -12.055400       0.020300
   339    2099.707800     -11.820300       0.025200    2324.206800     -12.293300       0.016500    2296.477100     -12.052600       0.020400
   340    2106.857400     -11.833200       0.024800    2331.667000     -12.285200       0.016500    2304.133300     -12.060800       0.020200
   341    2112.390900     -11.807100       0.025500    2336.638700     -12.278800       0.016600    2309.181600     -12.102900       0.019500
   342    2115.012200     -11.736500       0.027100    2339.744400     -12.297600       0.016400    2312.025100     -12.059200       0.020300
   343    2119.803700     -11.800400       0.025600    2344.540500     -12.267700       0.016800    2317.369400     -12.038800       0.020600
   344    2125.948200     -11.780700       0.026000    2350.764900     -12.303400       0.016200    2322.172600     -12.092500       0.019600
   345    2131.467300     -11.801500       0.025600    2356.249500     -12.286100       0.016500    2326.372100     -11.933900       0.022700
   346    2135.505600     -11.739800       0.027000    2360.065400     -12.304600       0.016300    2330.949700     -12.119900       0.019200
   347    2138.701400     -11.779700       0.026100    2363.413100     -12.266500       0.016900    2335.817600     -12.060600       0.020300
   348    2144.907200     -11.784400       0.026000    2369.889900     -12.307400       0.016200    2342.339100     -12.049000       0.020500
   349    2149.742400     -11.848300       0.024500    2374.495100     -12.332000       0.015900    2346.737100     -12.066400       0.020100
   350    2153.684100     -11.756600       0.026700    2378.551300     -12.265100       0.016900    2351.174600     -11.988200       0.021700
   351    2158.791000     -11.758900       0.026600    2383.396700     -12.257500       0.017000    2355.324200     -12.082000       0.019900
   352    2164.210200     -11.762900       0.026500    2389.020500     -12.268700       0.016800    2361.613000     -12.013900       0.021100
   353    2167.990000     -11.803900       0.025600    2392.644800     -12.253200       0.017100    2365.156200     -12.024000       0.021000
   354    2172.695800     -11.764900       0.026400    2397.254400     -12.232600       0.017300    2370.126000     -11.970800       0.021900
   355    2177.207800     -11.749700       0.026800    2401.828400     -12.227700       0.017400    2374.479700     -12.040500       0.020600
   356    2182.823000     -11.785000       0.025900    2407.318100     -12.268000       0.016800    2380.092300     -11.998900       0.021400
   357    2187.207800     -11.758000       0.026500    2411.356200     -12.283000       0.016500    2383.998800     -12.086800       0.019700
   358    2191.972700     -11.806400       0.025500    2416.671100     -12.234200       0.017300    2389.232900     -11.961200       0.022200
   359    2196.945600     -11.796200       0.025600    2421.786100     -12.205900       0.017700    2393.939900     -12.035700       0.020600
   360    2202.526400     -11.791300       0.025900    2427.182900     -12.267300       0.016900    2399.491700     -12.098400       0.019600
   361    2207.288600     -11.785800       0.025900    2432.276100     -12.246500       0.017100    2404.856900     -11.975900       0.021800
   362    2212.792700     -11.773500       0.026300    2437.706800     -12.265600       0.016900    2410.171600     -11.970000       0.022000
   363    2216.948200     -11.765500       0.026500    2441.335000     -12.235100       0.017400    2413.930700     -11.997500       0.021500
   364    2219.755600     -11.835500       0.024800    2444.361800     -12.241200       0.017200    2417.029500     -11.982800       0.021700
   365    2224.241700     -11.757000       0.026600    2449.005900     -12.225000       0.017400    2421.923800     -11.990500       0.021500
   366    2227.276900     -11.772800       0.026300    2452.664100     -12.234600       0.017300    2425.031700     -12.018800       0.021000
   367    2233.455300     -11.785100       0.025900    2458.513900     -12.264700       0.016800    2430.578100     -12.070600       0.020000
   368    2237.448200     -11.741600       0.027000    2462.142300     -12.257800       0.017000    2434.344700     -12.001300       0.021400
   369    2243.575900     -11.786400       0.025900    2468.823200     -12.226100       0.017400    2440.834500     -12.037600       0.020600
   370    2247.257800     -11.738100       0.027000    2472.466300     -12.269300       0.016700    2444.489700     -11.974300       0.021800
   371    2252.380600     -11.796800       0.025700    2477.269300     -12.274600       0.016700    2449.820800     -12.019700       0.021000
   372    2256.255100     -11.732900       0.027300    2480.838400     -12.263600       0.016900    2453.342500     -11.965100       0.022100
   373    2263.494600     -11.749500       0.026800    2488.118400     -12.274800       0.016700    2460.694100     -12.021700       0.020900
   374    2268.157000     -11.717600       0.027600    2493.569100     -12.192800       0.018000    2466.100100     -11.965300       0.022000
   375    2272.390100     -11.771900       0.026300    2497.448200     -12.228400       0.017400    2469.606400     -12.040400       0.020600
   376    2277.464600     -11.763800       0.026400    2502.057400     -12.249800       0.017100    2474.670700     -11.996200       0.021400
   377    2281.511500     -11.721800       0.027500    2506.859400     -12.225100       0.017500    2479.458700     -11.966300       0.022100
   378    2287.083000     -11.724700       0.027400    2512.075400     -12.226600       0.017400    2484.226100     -12.000500       0.021400
   379    2290.014400     -11.731200       0.027200    2515.353300     -12.195000       0.017900    2488.078100     -11.974500       0.021800
   380    2296.280500     -11.759800       0.026600    2521.334200     -12.204100       0.017800    2493.659700     -11.960400       0.022200
   381    1894.082800     -11.988800       0.022300    2118.481400     -12.427000       0.015000    2091.020000     -12.221400       0.018100
   382    1898.534200     -11.953600       0.022500    2122.957800     -12.426200       0.014700    2095.680900     -12.228800       0.017600
   383    1902.532300     -11.905200       0.023400    2126.987800     -12.360900       0.015500    2099.914800     -12.167700       0.018400
   384    1907.993200     -11.879700       0.023900    2132.629600     -12.394600       0.015100    2105.184800     -12.150100       0.018700
   385    1912.564300     -11.852100       0.024400    2136.811800     -12.382900       0.015200    2109.341800     -12.093100       0.019700
   386    1916.372200     -11.851200       0.024400    2140.837200     -12.349000       0.015600    2113.639400     -12.144900       0.018700
   387    1920.124300     -11.893300       0.023500    2145.056600     -12.337200       0.015800    2117.787100     -12.063500       0.020200
   388    1925.839400     -11.878900       0.023800    2150.648900     -12.361600       0.015400    2124.906000     -11.867100       0.024000
   389    1928.958600     -11.857700       0.024300    2152.948500     -12.346900       0.015600    2125.791300     -12.111500       0.019300
   390    1932.042700     -11.875100       0.024000    2156.375500     -12.365600       0.015400    2129.110600     -12.122200       0.019200
   391    1934.927200     -11.873600       0.023900    2159.477500     -12.359400       0.015500    2131.943800     -12.097000       0.019600
   392    1941.084200     -11.894200       0.023500    2165.681900     -12.338400       0.015700    2138.000000     -12.161900       0.018400
   393    1943.052700     -11.823300       0.025100    2167.220700     -12.340500       0.015700    2140.066700     -12.141300       0.018800
   394    1947.192500     -11.894100       0.023600    2171.875000     -12.352000       0.015600    2144.246300     -12.204400       0.017800
   395    1951.020000     -11.887800       0.023600    2175.535900     -12.359300       0.015400    2147.943800     -12.090000       0.019700
   396    1955.726600     -11.861300       0.024200    2180.607900     -12.314100       0.016100    2153.296400     -12.144400       0.018800
   397    1957.219800     -11.874600       0.023900    2181.802500     -12.359900       0.015500    2154.790300     -12.184400       0.018100
   398    1961.957900     -11.837200       0.024800    2186.630400     -12.349800       0.015600    2159.289300     -12.172900       0.018300
   399    1966.478000     -11.824200       0.025100    2191.145300     -12.416100       0.014700    2163.436300     -12.164900       0.018400
   400    1971.729100     -11.874100       0.024000    2196.156700     -12.332500       0.015900    2168.522900     -12.086900       0.019800
   401    1976.706200     -11.867900       0.024100    2201.357200     -12.365300       0.015400    2173.608900     -12.090300       0.019700
   402    1978.081800     -11.826600       0.025000    2203.292700     -12.338900       0.015800    2176.070600     -12.134600       0.019000
   403    1983.665600     -11.810100       0.025400    2208.181600     -12.384800       0.015100    2180.890600     -12.093500       0.019700
   404    1987.231700     -11.815400       0.025200    2211.539800     -12.343700       0.015700    2184.587900     -12.096900       0.019600
   405    1991.876800     -11.860100       0.024300    2216.251200     -12.337100       0.015800    2189.133300     -12.119600       0.019200
   406    1993.923800     -11.729100       0.027300    2219.527800     -12.329100       0.015900    2192.264900     -12.119300       0.019200
   407    1998.580800     -11.881800       0.023800    2223.287600     -12.332700       0.015800    2196.003200     -12.073000       0.020000
   408    2002.325100     -11.904800       0.023300    2226.668000     -12.360200       0.015400    2199.685300     -12.121400       0.019100
   409    2005.710600     -11.837400       0.024700    2230.317900     -12.371500       0.015300    2203.197500     -12.126400       0.019000
   410    2007.680400     -11.798000       0.025700    2231.806400     -12.318900       0.016000    2204.447300     -12.148000       0.018700
   411    2011.172600     -11.865500       0.024200    2235.511000     -12.304600       0.016300    2208.345000     -12.157800       0.018600
   412    2013.258500     -11.836700       0.024800    2237.960000     -12.325000       0.016000    2210.662800     -12.155000       0.018600
   413    2017.575600     -11.875100       0.023900    2242.079300     -12.318800       0.016000    2214.652300     -12.104900       0.019400
   414    2020.253800     -11.884200       0.023700    2244.901900     -12.320000       0.016000    2217.345900     -12.108700       0.019400
   415    2025.919100     -11.844200       0.024700    2250.090600     -12.319200       0.016100    2222.819600     -12.152700       0.018700
   416    2029.646200     -11.887700       0.023600    2254.258800     -12.306900       0.016200    2227.197000     -12.065400       0.020100
   417    2036.089100     -11.848300       0.024500    2260.947000     -12.335200       0.015800    2233.580800     -12.100000       0.019500
   418    2040.856300     -11.821700       0.025200    2265.655800     -12.353800       0.015600    2238.412800     -12.115400       0.019300
   419    2044.483900     -11.847100       0.024500    2269.424300     -12.302600       0.016300    2241.862500     -12.065700       0.020100
   420    2047.040800     -11.790500       0.025700    2271.575200     -12.275000       0.016600    2244.264200     -12.091500       0.019600
   421    2050.509500     -11.780100       0.026100    2275.626700     -12.303100       0.016300    2248.452100     -12.072800       0.020000
   422    2054.711900     -11.772900       0.026200    2279.293500     -12.306400       0.016200    2252.335400     -12.093100       0.019600
   423    2057.910600     -11.814500       0.025300    2282.128200     -12.268000       0.016800    2254.773200     -12.040900       0.020600
   424    2061.715300     -11.891600       0.023600    2286.235600     -12.329300       0.015900    2259.409400     -12.057700       0.020300
   425    2063.543500     -11.845400       0.024600    2288.760500     -12.261000       0.016900    2261.440700     -12.090500       0.019700
   426    2068.774900     -11.763600       0.026500    2293.236100     -12.313400       0.016100    2266.064500     -12.127400       0.019100
   427    2071.351100     -11.816600       0.025300    2296.397500     -12.251600       0.017100    2269.243700     -12.112100       0.019400
   428    2075.894500     -11.780100       0.026200    2300.549800     -12.275900       0.016700    2273.348900     -12.058500       0.020300
   429    2079.260300     -11.854200       0.024400    2303.952100     -12.271300       0.016800    2276.464400     -12.111100       0.019400
   430    2083.292500     -11.826400       0.025000    2308.115200     -12.278800       0.016600    2280.006800     -12.079300       0.019900
   431    2086.561800     -11.824400       0.025100    2311.148700     -12.233200       0.017400    2283.328400     -12.097100       0.019600
   432    2089.864300     -11.876800       0.023800    2314.532500     -12.262100       0.016800    2287.204800     -12.116000       0.019200
   433    2094.008500     -11.836700       0.024700    2318.590800     -12.276000       0.016700    2291.061300     -12.092400       0.019600
   434    2097.156700     -11.853000       0.024400    2322.077400     -12.317000       0.016100    2294.355500     -12.047100       0.020500
   435    2101.099400     -11.850700       0.024400    2325.632100     -12.301600       0.016300    2298.314000     -12.125500       0.019100
   436    2105.313700     -11.835800       0.024900    2329.962400     -12.347300       0.015700    2302.899400     -12.083200       0.019900
   437    2108.991200     -11.861700       0.024300    2333.901600     -12.312900       0.016200    2307.329600     -12.001100       0.021400
   438    2112.453900     -11.819900       0.025200    2336.921400     -12.265500       0.016900    2310.008100     -12.073000       0.020100
   439    2116.952600     -11.830000       0.025000    2341.576900     -12.287800       0.016500    2314.464400     -12.068000       0.020200
   440    2121.005400     -11.847900       0.024600    2346.198700     -12.265400       0.016900    2318.766400     -12.118300       0.019300
   441    2123.444100     -11.818600       0.025200    2348.268100     -12.268000       0.016800    2320.925800     -12.023700       0.021000
   442    2126.219200     -11.781800       0.026100    2351.249000     -12.284000       0.016600    2324.047100     -11.989400       0.021600
   443    2129.688000     -11.842900       0.024700    2354.883300     -12.293500       0.016500    2326.475300     -12.008600       0.021300
   444    2133.159200     -11.801400       0.025500    2357.998500     -12.304200       0.016200    2331.782000     -12.053900       0.020300
   445    2136.440200     -11.752400       0.026700    2361.280800     -12.290600       0.016400    2333.733200     -12.126300       0.019000
   446    2141.187700     -11.813600       0.025300    2365.757600     -12.270000       0.016800    2338.865200     -12.036100       0.020700
   447    2144.675500     -11.745200       0.027000    2369.805200     -12.295700       0.016400    2342.333500     -12.027600       0.020900
   448    2148.949200     -11.835100       0.024900    2374.140100     -12.302400       0.016300    2346.560300     -12.023800       0.021000
   449    2153.668900     -11.820200       0.025200    2378.453600     -12.311700       0.016200    2351.307600     -12.040100       0.020600
   450    2159.177700     -11.758200       0.026600    2384.060500     -12.303200       0.016300    2356.991000     -11.953100       0.022300
   451    2162.759000     -11.785800       0.026000    2387.933100     -12.292400       0.016500    2360.616900     -12.057300       0.020300
   452    2164.855000     -11.769600       0.026400    2389.920400     -12.248500       0.017100    2362.840800     -12.017100       0.021100
   453    2169.731900     -11.754700       0.026700    2394.589600     -12.232200       0.017300    2367.664100     -12.008100       0.021200
   454    2172.129400     -11.800900       0.025600    2396.481700     -12.315100       0.016100    2369.151400     -12.016100       0.021100
   455    2175.278600     -11.793300       0.025700    2400.465800     -12.259100       0.016900    2373.125700     -11.983300       0.021700
   456    2178.512000     -11.743800       0.027000    2403.346700     -12.208000       0.017700    2376.428700     -12.058200       0.020300
   457    2182.000700     -11.755700       0.026700    2406.782000     -12.250700       0.017100    2379.366700     -12.040000       0.020700
   458    2186.502200     -11.804300       0.025500    2411.471400     -12.268000       0.016800    2384.197500     -12.050300       0.020400
   459    2190.015900     -11.787500       0.026000    2414.789800     -12.222800       0.017500    2387.849400     -12.092800       0.019700
   460    2192.698200     -11.818600       0.025200    2418.055200     -12.220300       0.017600    2390.851800     -12.007300       0.021300
   461    2196.266100     -11.799000       0.025700    2421.153100     -12.278500       0.016700    2394.118900     -12.032900       0.020800
   462    2201.214800     -11.771200       0.026300    2426.249800     -12.274800       0.016700    2398.797400     -12.070800       0.020100
   463    2205.119600     -11.704300       0.028000    2429.844700     -12.239700       0.017200    2402.385700     -11.995400       0.021500
   464    2208.124800     -11.779200       0.026100    2433.230200     -12.214500       0.017600    2405.807900     -12.040800       0.020600
   465    2212.645000     -11.741700       0.027000    2437.973900     -12.286500       0.016500    2410.662400     -11.957400       0.022300
   466    2216.078600     -11.776800       0.026200    2440.569600     -12.277600       0.016700    2413.679700     -12.059600       0.020300
   467    2220.649400     -11.798800       0.025600    2445.629900     -12.281500       0.016600    2417.282500     -12.046700       0.020500
   468    2224.292200     -11.777100       0.026100    2449.329300     -12.273400       0.016700    2422.436300     -12.050900       0.020400
   469    2228.366900     -11.713800       0.027700    2453.608200     -12.234200       0.017300    2426.170700     -12.046200       0.020500
   470    2232.218000     -11.720900       0.027600    2457.056900     -12.241500       0.017300    2430.051300     -12.026500       0.021000
   471    2237.119900     -11.738500       0.027200    2462.277600     -12.243500       0.017200    2434.710200     -11.984700       0.021700
   472    2240.380900     -11.725000       0.027400    2465.507100     -12.219800       0.017500    2438.177700     -11.933400       0.022700
   473    2242.541300     -11.751300       0.026800    2467.303200     -12.253800       0.017000    2439.724600     -11.990700       0.021600
   474    2246.211900     -11.700200       0.028000    2471.384300     -12.200000       0.017800    2444.316900     -12.011100       0.021100
   475    2250.364000     -11.788800       0.025900    2475.625700     -12.227600       0.017400    2448.187300     -12.045700       0.020500
   476    2252.950000     -11.793400       0.025700    2477.851300     -12.243100       0.017200    2450.844500     -11.998700       0.021400
   477    2257.703600     -11.791400       0.025700    2482.682900     -12.251000       0.017000    2455.511500     -12.053900       0.020300
   478    2259.036900     -11.717200       0.027600    2483.946500     -12.187900       0.018000    2456.645300     -12.048000       0.020400
   479    2265.782700     -11.735900       0.027100    2490.939000     -12.196900       0.017900    2463.833000     -12.020200       0.021000
   480    2269.188200     -11.765400       0.026400    2493.868900     -12.148100       0.018700    2466.627900     -12.044500       0.020500
   481    2273.025600     -11.755800       0.026700    2497.898400     -12.165700       0.018400    2470.787600     -11.959700       0.022200
   482    2277.764600     -11.747300       0.026900    2503.496800     -12.172200       0.018400    2476.748800     -11.960400       0.022200
   483    2282.277100     -11.769300       0.026300    2507.060800     -12.206400       0.017700    2479.907700     -12.001300       0.021300
   484    2285.976100     -11.710200       0.027800    2511.546100     -12.202900       0.017800    2484.023900     -12.000600       0.021400
   485    2289.600100     -11.752900       0.026700    2514.906700     -12.239500       0.017200    2486.926300     -11.999700       0.021400
   486    2292.263400     -11.757500       0.026600    2517.182100     -12.219900       0.017500    2489.822800     -11.945200       0.022500
   487    2298.845500     -11.845800       0.024700    2523.756600     -12.239100       0.017300    2496.618400     -12.010900       0.021200
   488    2300.208300     -11.760900       0.026600    2525.389900     -12.258200       0.017000    2497.593800     -11.993000       0.021500
   489    2302.558300     -11.754200       0.026800    2528.060800     -12.252900       0.017100    2500.673300     -11.911700       0.023200
   490    2306.497600     -11.762900       0.026500    2531.508500     -12.228000       0.017400    2504.146500     -11.968200       0.022000
   491    2312.184100     -11.780600       0.026100    2537.408900     -12.242800       0.017200    2510.048300     -11.980900       0.021800
   492    2315.310300     -11.809900       0.025400    2539.859100     -12.221200       0.017500    2515.141600     -11.639900       0.029600
   493    2318.591300     -11.772800       0.026300    2543.574700     -12.187200       0.018100    2516.327100     -12.016200       0.021100
   494    2322.733600     -11.738900       0.027100    2547.604500     -12.270900       0.016800    2520.170200     -12.013100       0.021100
   495    2326.598100     -11.704900       0.028000    2551.488000     -12.225600       0.017500    2524.175800     -12.012800       0.021200
   496    2331.430700     -11.738000       0.027100    2557.087200     -12.241700       0.017200    2529.731900     -11.978700       0.021800
   497    2334.079100     -11.755400       0.026700    2559.884800     -12.215200       0.017600    2532.347900     -11.968300       0.022000
   498    2339.460900     -11.765500       0.026400    2564.833000     -12.215700       0.017600    2537.510000     -11.990000       0.021600
   499    2342.694800     -11.779300       0.026200    2567.739700     -12.264200       0.016900    2540.364000     -11.990700       0.021600
   500    2347.044400     -11.774800       0.026200    2572.273700     -12.212700       0.017700    2545.019500     -12.046800       0.020500
   501    2349.338600     -11.731100       0.027300    2575.087200     -12.254600       0.017000    2547.189700     -12.008200       0.021300
   502    2352.518800     -11.780500       0.026100    2578.828100     -12.257800       0.017000    2550.865500     -11.946200       0.022500
   503    2356.598400     -11.679500       0.028500    2581.850300     -12.260400       0.016900    2554.626500     -11.997100       0.021400
   504    2360.231900     -11.712600       0.027700    2585.876200     -12.193400       0.017900    2558.479500     -11.982200       0.021700
   505    2362.016800     -11.742900       0.027000    2587.585400     -12.254000       0.017000    2560.223100     -11.987000       0.021700
   506    2364.833000     -11.783000       0.026000    2590.025400     -12.256400       0.017000    2562.483900     -11.966400       0.022100
   507    2369.615000     -11.688900       0.028300    2595.177500     -12.172500       0.018300    2567.869900     -11.956200       0.022200
   508    2372.113300     -11.780700       0.026000    2597.918900     -12.187200       0.018000    2570.205300     -11.913100       0.023100
   509    2376.858400     -11.707500       0.027900    2602.540500     -12.223500       0.017500    2574.772700     -11.915800       0.023100
   510    2380.543700     -11.684900       0.028500    2606.187000     -12.203700       0.017900    2578.778800     -11.919800       0.023100
   511    2386.602100     -11.767000       0.026400    2611.780500     -12.241700       0.017200    2584.630900     -11.954600       0.022200
   512    2391.739300     -11.679600       0.028600    2616.928000     -12.197800       0.017900    2589.662800     -11.905900       0.023300
   513    2394.947000     -11.804300       0.025500    2620.227800     -12.221200       0.017500    2593.024400     -11.952900       0.022300
   514    2400.742400     -11.812900       0.025300    2625.272500     -12.246500       0.017100    2598.103000     -11.979700       0.021800
   515    2403.799800     -11.731400       0.027300    2629.132300     -12.225400       0.017500    2602.215100     -11.956300       0.022300
   516    2407.858400     -11.779900       0.026100    2632.869100     -12.201200       0.017800    2605.796400     -11.974300       0.021900
   517    2411.261000     -11.753100       0.026800    2636.228800     -12.191200       0.018000    2609.892300     -11.887900       0.023700
   518    2412.579100     -11.677400       0.028600    2638.195800     -12.143800       0.018800    2611.360400     -11.941600       0.022500
   519    2417.283900     -11.715800       0.027700    2642.560500     -12.159500       0.018600    2615.043200     -11.902700       0.023400
   520    2420.725800     -11.735200       0.027200    2645.984400     -12.161700       0.018500    2618.931400     -11.984300       0.021800
   521    2426.209700     -11.770900       0.026400    2651.422900     -12.208600       0.017800    2624.419900     -11.934400       0.022800
   522    2427.616500     -11.814900       0.025200    2653.268100     -12.192700       0.018000    2626.028100     -11.991200       0.021500
   523    2431.275600     -11.751700       0.026800    2657.126700     -12.194500       0.018000    2629.884800     -11.938900       0.022600
   524    2436.964600     -11.689900       0.028400    2662.115000     -12.161600       0.018600    2635.153800     -11.983600       0.021800
   525    2441.009500     -11.804700       0.025600    2666.746300     -12.160400       0.018500    2639.710900     -11.988800       0.021700
   526    2444.034900     -11.769400       0.026400    2669.676500     -12.154400       0.018600    2640.918700     -11.922400       0.022900
   527    2446.137200     -11.571400       0.031600    2672.022900     -12.104900       0.019500    2644.585700     -11.894800       0.023600
   528    2451.094200     -11.696700       0.028200    2676.634800     -12.191600       0.018000    2649.649200     -11.905600       0.023300
   529    2455.459000     -11.714300       0.027700    2680.524400     -12.210000       0.017700    2653.717300     -11.917000       0.023100
   530    2458.978500     -11.732000       0.027300    2684.310100     -12.171000       0.018300    2657.245100     -11.939100       0.022600
   531    2463.344700     -11.769600       0.026400    2688.344200     -12.132700       0.019100    2660.855000     -11.869100       0.024200
   532    2465.561800     -11.691700       0.028300    2692.291000     -12.185300       0.018100    2664.311800     -11.956400       0.022300
   533    2471.985800     -11.740100       0.027100    2697.245600     -12.197600       0.017900    2670.200000     -11.959600       0.022200
   534    2475.165300     -11.679600       0.028700    2701.052500     -12.204200       0.017900    2673.658900     -11.872800       0.024100
   535    2478.836200     -11.731900       0.027300    2705.080800     -12.152600       0.018700    2677.803500     -11.887400       0.023700
   536    2483.212400     -11.707100       0.028000    2709.081800     -12.169300       0.018500    2681.671400     -11.901100       0.023500
   537    2486.618700     -11.694700       0.028200    2712.641400     -12.174500       0.018300    2685.018600     -11.894900       0.023500
   538    2490.717000     -11.828200       0.025000    2716.214100     -12.158900       0.018600    2689.062500     -11.881400       0.023900
   539    2492.512900     -11.690400       0.028400    2717.822800     -12.123400       0.019200    2690.470500     -11.892100       0.023600
   540    2497.077600     -11.699400       0.028100    2722.221900     -12.157700       0.018600    2695.396000     -11.880000       0.023900
   541    2499.186500     -11.655200       0.029200    2725.241200     -12.123500       0.019100    2698.060300     -11.876600       0.023900
   542    2503.756100     -11.701200       0.028100    2729.534200     -12.152600       0.018700    2702.152800     -11.888100       0.023700
   543    2508.229700     -11.716300       0.027700    2733.160900     -12.168700       0.018400    2705.393800     -11.843600       0.024700
   544    2513.083000     -11.661300       0.029100    2738.328100     -12.118300       0.019200    2711.052500     -11.843600       0.024700
   545    2516.044700     -11.611600       0.030500    2741.638200     -12.140500       0.018900    2714.285200     -11.836200       0.024900
   546    2520.677700     -11.711500       0.027800    2745.654500     -12.150500       0.018700    2719.869900     -11.878800       0.023900
   547    2049.924600     -11.921300       0.023800    2273.229200     -12.349800       0.016200    2247.653100     -12.260800       0.017500
   548    2050.557400     -11.867900       0.024400    2275.486300     -12.383000       0.015300    2248.457800     -12.150500       0.018900
   549    2053.513900     -11.803800       0.025700    2278.348100     -12.344400       0.015800    2251.296400     -12.097000       0.019700
   550    2057.177000     -11.841000       0.024800    2282.153100     -12.280500       0.016700    2255.323500     -12.101500       0.019600
   551    2061.751000     -11.856200       0.024400    2286.963900     -12.331600       0.015900    2259.904300     -12.140000       0.018900
   552    2065.081300     -11.827600       0.025100    2289.797100     -12.308500       0.016200    2262.594000     -12.147500       0.018800
   553    2069.629200     -11.822400       0.025100    2294.560100     -12.293100       0.016400    2267.445600     -12.144800       0.018800
   554    2071.026100     -11.840800       0.024700    2295.819100     -12.269900       0.016800    2268.451400     -12.070400       0.020100
   555    2077.616700     -11.826100       0.025000    2302.587200     -12.309300       0.016200    2275.409200     -12.124600       0.019100
   556    2080.656700     -11.827200       0.025000    2305.445300     -12.262200       0.016900    2278.606900     -12.140600       0.018900
   557    2083.623800     -11.829100       0.025000    2308.525100     -12.309400       0.016200    2281.526900     -12.128000       0.019100
   558    2086.012000     -11.860400       0.024200    2311.283700     -12.318000       0.016100    2284.298100     -12.095400       0.019600
   559    2090.544200     -11.839900       0.024700    2315.617400     -12.293900       0.016400    2288.550300     -12.135200       0.019000
   560    2094.742700     -11.825800       0.025000    2319.901600     -12.263400       0.016800    2292.745600     -12.061000       0.020200
   561    2097.857900     -11.795800       0.025700    2322.622800     -12.255200       0.017000    2295.679400     -12.124500       0.019100
   562    2100.211900     -11.810700       0.025400    2325.380900     -12.341300       0.015800    2298.069100     -12.055400       0.020400
   563    2103.004600     -11.841100       0.024700    2328.192900     -12.315200       0.016100    2301.474900     -12.098700       0.019600
   564    2107.476300     -11.825800       0.025000    2332.476600     -12.338100       0.015800    2305.494400     -12.119000       0.019200
   565    2108.961900     -11.833000       0.025000    2333.954300     -12.317700       0.016100    2307.193600     -12.090900       0.019800
   566    2111.229200     -11.849200       0.024500    2336.138200     -12.325600       0.016000    2308.986100     -12.148900       0.018700
   567    2115.134300     -11.773000       0.026300    2340.470900     -12.281700       0.016600    2312.966300     -12.121200       0.019200
   568    2120.066400     -11.851200       0.024500    2344.792200     -12.302000       0.016300    2317.824000     -12.039500       0.020700
   569    2125.048600     -11.802300       0.025600    2349.972400     -12.310800       0.016200    2323.044200     -12.089000       0.019800
   570    2126.964800     -11.803900       0.025600    2351.953600     -12.262500       0.016900    2324.935500     -12.139100       0.018900
   571    2132.265600     -11.769000       0.026400    2357.473600     -12.236500       0.017300    2330.439700     -12.033700       0.020800
   572    2135.847200     -11.765900       0.026400    2361.054400     -12.234200       0.017300    2334.023700     -12.041000       0.020600
   573    2139.289600     -11.820300       0.025200    2364.115700     -12.270800       0.016800    2337.237500     -12.073400       0.020100
   574    2140.577100     -11.826700       0.025100    2365.225300     -12.213400       0.017700    2338.672600     -12.102500       0.019600
   575    2142.559100     -11.802000       0.025600    2367.893100     -12.233600       0.017300    2341.098600     -12.030600       0.020800
   576    2147.629900     -11.759700       0.026600    2372.815200     -12.243600       0.017200    2345.760000     -11.988900       0.021600
   577    2150.631300     -11.755600       0.026700    2375.867700     -12.275000       0.016700    2349.072500     -12.044600       0.020500
   578    2153.915000     -11.823400       0.025100    2379.855200     -12.161300       0.018500    2351.711200     -12.049600       0.020400
   579    2157.641600     -11.824800       0.025100    2382.582300     -12.314600       0.016200    2355.911400     -12.059000       0.020300
   580    2160.842800     -11.763700       0.026500    2386.100100     -12.282700       0.016600    2359.323500     -12.042400       0.020600
   581    2164.243400     -11.783500       0.026100    2388.676300     -12.285600       0.016600    2361.975100     -11.988900       0.021700
   582    2167.374500     -11.757300       0.026700    2392.585000     -12.291400       0.016500    2365.361600     -12.018000       0.021100
   583    2171.183800     -11.741100       0.027100    2396.153300     -12.261400       0.016900    2369.307600     -12.043400       0.020600
   584    2176.171100     -11.716300       0.027700    2401.341600     -12.269000       0.016800    2374.458000     -12.078900       0.019900
   585    2179.063200     -11.721300       0.027600    2404.483200     -12.323900       0.016000    2377.225800     -12.004200       0.021400
   586    2182.754600     -11.741300       0.027100    2407.669900     -12.299600       0.016400    2380.506600     -12.005200       0.021300
   587    2185.333700     -11.739400       0.027100    2410.825000     -12.309900       0.016200    2383.793900     -12.037500       0.020700
   588    2189.430200     -11.737400       0.027100    2414.329100     -12.252500       0.017000    2387.307100     -12.029900       0.020800
   589    2192.924800     -11.756200       0.026800    2417.963600     -12.250700       0.017200    2391.195100     -12.044700       0.020700
   590    2196.115000     -11.776900       0.026300    2421.295900     -12.281000       0.016700    2394.532700     -12.010500       0.021300
   591    2199.087200     -11.743400       0.027000    2424.436800     -12.265000       0.016800    2397.485800     -11.923600       0.022900
   592    2204.245600     -11.753300       0.026800    2429.910200     -12.259300       0.017000    2403.220700     -12.019100       0.021000
   593    2205.104500     -11.808000       0.025500    2430.649400     -12.258600       0.017000    2403.549600     -12.020100       0.021000
   594    2207.964400     -11.692000       0.028300    2433.531000     -12.260500       0.017000    2406.541300     -11.979300       0.021900
   595    2212.121100     -11.780000       0.026200    2436.947300     -12.288800       0.016600    2410.049300     -12.014400       0.021200
   596    2215.111600     -11.749900       0.026800    2440.142600     -12.274700       0.016700    2413.527800     -11.978200       0.021800
   597    2216.436500     -11.753400       0.026800    2441.732900     -12.212800       0.017700    2414.931200     -11.989800       0.021600
   598    2220.784900     -11.808300       0.025500    2445.923100     -12.310400       0.016200    2418.651600     -11.954200       0.022300
   599    2225.230700     -11.770700       0.026400    2450.482700     -12.257300       0.017000    2422.954100     -12.004400       0.021300
   600    2228.292000     -11.771600       0.026300    2453.388700     -12.288300       0.016500    2426.311800     -12.034300       0.020800
   601    2233.855000     -11.768300       0.026400    2458.689500     -12.290300       0.016500    2431.907000     -12.095300       0.019600
   602    2236.193600     -11.732100       0.027400    2460.996800     -12.279100       0.016700    2434.357700     -12.093500       0.019700
   603    2240.602800     -11.746800       0.027000    2465.607700     -12.188600       0.018100    2439.215100     -11.989100       0.021700
   604    2243.847900     -11.782600       0.026200    2468.872800     -12.266400       0.016900    2442.084200     -12.025700       0.021000
   605    2248.287100     -11.759100       0.026700    2473.394300     -12.236100       0.017300    2446.387900     -12.039100       0.020700
   606    2251.019300     -11.737300       0.027200    2476.493700     -12.252500       0.017100    2449.477800     -12.011600       0.021300
   607    2252.821500     -11.809900       0.025400    2478.244100     -12.267500       0.016800    2451.152100     -11.985600       0.021700
   608    2256.530800     -11.694500       0.028300    2481.764600     -12.287400       0.016600    2454.593000     -12.032900       0.020800
   609    2260.545700     -11.755500       0.026800    2485.730700     -12.229700       0.017500    2458.833700     -12.016600       0.021200
   610    2264.293500     -11.767100       0.026500    2489.377400     -12.289100       0.016600    2462.388700     -12.055600       0.020400
   611    2267.365000     -11.759700       0.026700    2492.610400     -12.227200       0.017500    2465.583000     -12.015800       0.021200
   612    2269.737100     -11.723500       0.027600    2495.064000     -12.195600       0.018000    2468.056900     -11.948500       0.022500
   613    2272.859100     -11.756500       0.026700    2497.988000     -12.210200       0.017700    2471.147000     -12.026300       0.020900
   614    2278.440900     -11.695500       0.028300    2503.706500     -12.197300       0.018000    2477.300800     -11.961000       0.022200
   615    2281.510300     -11.734600       0.027300    2506.401600     -12.207200       0.017800    2479.710200     -11.944500       0.022600
   616    2284.168500     -11.743200       0.027100    2509.732400     -12.236800       0.017300    2482.582000     -11.991900       0.021600
   617    2287.314500     -11.703700       0.028100    2510.560800     -12.211100       0.017800    2486.112100     -11.987700       0.021700
   618    2290.980700     -11.703700       0.028100    2515.776900     -12.238400       0.017400    2489.550000     -11.990000       0.021700
   619    2293.713100     -11.722700       0.027500    2519.171600     -12.209200       0.017700    2492.308800     -11.967600       0.022100
   620    2298.511200     -11.730200       0.027400    2523.777300     -12.170600       0.018400    2496.459500     -11.984100       0.021800
   621    2301.043000     -11.734600       0.027300    2526.239500     -12.195100       0.018000    2499.087900     -12.030200       0.020900
   622    2305.334000     -11.742500       0.027100    2530.994100     -12.232700       0.017400    2503.849400     -11.973700       0.022000
   623    2306.177000     -11.739900       0.027100    2531.301000     -12.190600       0.018000    2504.272000     -12.003200       0.021300
   624    2311.029100     -11.760400       0.026700    2536.127700     -12.249600       0.017200    2509.036600     -11.952400       0.022400
   625    2313.749300     -11.690900       0.028400    2538.926800     -12.205100       0.017800    2512.125500     -11.989800       0.021600
   626    2316.398900     -11.648400       0.029600    2541.697800     -12.238000       0.017400    2514.540000     -12.005600       0.021400
   627    2321.020800     -11.707800       0.027900    2546.629900     -12.163300       0.018500    2520.040000     -12.005100       0.021300
   628    2320.729200     -11.746900       0.027000    2546.280000     -12.187200       0.018100    2519.372300     -11.909100       0.023300
   629    2325.158700     -11.759200       0.026600    2550.402800     -12.156700       0.018600    2523.845000     -11.956100       0.022300
   630    2328.827900     -11.724200       0.027600    2554.293700     -12.174200       0.018400    2527.592800     -11.974900       0.022000
   631    2333.872800     -11.726500       0.027500    2559.199000     -12.162100       0.018600    2532.234600     -11.923200       0.023000
   632    2334.409700     -11.673100       0.028900    2559.920700     -12.199200       0.018000    2533.173100     -11.924900       0.023000
   633    2338.544400     -11.739700       0.027200    2563.712600     -12.242500       0.017300    2536.704600     -11.980700       0.021900
   634    2342.814500     -11.663000       0.029100    2567.966600     -12.174400       0.018400    2540.671600     -12.029900       0.020900
   635    2347.549800     -11.755900       0.026800    2572.473900     -12.203100       0.017900    2545.579300     -11.974600       0.022000
   636    2351.783200     -11.711700       0.028000    2577.210000     -12.235700       0.017400    2550.112100     -11.955700       0.022400
   637    2354.736600     -11.697400       0.028200    2580.209700     -12.182800       0.018200    2552.850600     -11.899700       0.023500
   638    2358.219500     -11.721400       0.027700    2583.436800     -12.172400       0.018400    2556.456100     -11.896200       0.023700
   639    2359.126200     -11.738400       0.027200    2584.621300     -12.188400       0.018100    2557.609100     -11.951900       0.022500
   640    2362.948000     -11.627000       0.030100    2589.723400     -11.986200       0.021700    2561.707000     -11.902400       0.023400
   641    2365.324700     -11.685300       0.028600    2590.683100     -12.204700       0.017900    2563.874800     -11.881700       0.023900
   642    2369.483900     -11.635200       0.030000    2594.481000     -12.192000       0.018100    2567.632600     -12.025200       0.021100
   643    2371.665300     -11.649700       0.029500    2597.218300     -12.164800       0.018500    2570.305400     -12.027200       0.021000
   644    2375.140400     -11.652900       0.029400    2600.336700     -12.175600       0.018400    2573.633300     -11.964500       0.022200
   645    2378.166500     -11.670300       0.029000    2603.211200     -12.181000       0.018300    2576.333500     -11.958400       0.022300
   646    2382.534400     -11.778300       0.026300    2608.160400     -12.181200       0.018300    2580.779500     -11.936300       0.022800
   647    2385.413100     -11.747900       0.027000    2610.925000     -12.183400       0.018200    2581.976300     -11.924600       0.023000
   648    2388.789100     -11.731500       0.027400    2614.247300     -12.194100       0.018100    2587.388200     -12.031000       0.020900
   649    2391.219000     -11.724000       0.027500    2616.902100     -12.166500       0.018400    2589.816200     -11.861500       0.024300
   650    2395.346400     -11.712100       0.027900    2620.367900     -12.114600       0.019400    2593.440900     -11.933900       0.022800
   651    2400.488300     -11.702000       0.028200    2626.406700     -12.172200       0.018400    2599.397700     -11.982000       0.021900
   652    2401.845000     -11.645100       0.029700    2627.173600     -12.121400       0.019300    2600.494600     -11.916800       0.023200
   653    2405.793000     -11.661300       0.029200    2631.492900     -12.166400       0.018500    2604.248500     -11.890600       0.023800
   654    2409.325400     -11.749600       0.027000    2635.064500     -12.206200       0.017900    2607.547600     -11.978600       0.022000
   655    2413.545900     -11.680800       0.028700    2639.033700     -12.226700       0.017500    2611.965300     -11.948800       0.022500
   656    2417.190200     -11.747000       0.027100    2642.866500     -12.154300       0.018800    2615.842300     -11.944700       0.022700
   657    2419.143300     -11.711000       0.028000    2644.880400     -12.181500       0.018300    2614.370100     -11.983400       0.021900
   658    2421.928200     -11.604300       0.030700    2647.857200     -12.198100       0.018000    2620.890400     -11.946200       0.022600
   659    2425.600300     -11.631000       0.030000    2651.104500     -12.146100       0.018800    2623.732700     -11.925800       0.022900
   660    2427.415300     -11.618900       0.030300    2653.329600     -12.126900       0.019200    2626.226800     -11.895200       0.023600
   661    2430.806900     -11.652000       0.029500    2656.623000     -12.106100       0.019600    2629.673800     -11.861400       0.024400
   662    2431.853800     -11.721100       0.027700    2657.791700     -12.163700       0.018500    2630.738300     -11.916600       0.023200
   663    2439.091800     -11.655800       0.029300    2664.665000     -12.144200       0.018900    2637.979000     -11.911400       0.023300
   664    2442.273700     -11.733000       0.027400    2667.479700     -12.179800       0.018300    2641.086900     -11.942600       0.022700
   665    2445.118700     -11.750300       0.027000    2670.595500     -12.186500       0.018200    2643.685500     -11.882500       0.024000
   666    2448.319100     -11.692600       0.028500    2674.035600     -12.181900       0.018300    2646.670900     -11.893700       0.023800
   667    2452.192900     -11.665200       0.029100    2677.662600     -12.190900       0.018100    2650.554200     -11.918400       0.023100
   668    2455.959700     -11.691900       0.028400    2681.232400     -12.154400       0.018700    2654.714100     -11.931400       0.022900
   669    2457.492400     -11.727900       0.027600    2682.427000     -12.144700       0.018900    2655.984900     -11.948300       0.022600
   670    2460.028600     -11.679200       0.028800    2685.264600     -12.113700       0.019400    2658.890600     -11.926800       0.023000
   671    2462.480000     -11.674400       0.028900    2688.236800     -12.092200       0.019800    2660.938500     -11.914800       0.023200
   672    2467.731200     -11.693400       0.028400    2693.432900     -12.197200       0.018100    2666.365500     -11.957400       0.022400
   673    2467.957300     -11.660000       0.029300    2693.743400     -12.103700       0.019600    2666.764200     -11.901400       0.023600
   674    2472.884000     -11.594900       0.031100    2698.545900     -12.099100       0.019700    2671.618400     -11.906300       0.023400
