#The columns are: Time, (XCoord, Mag, Magerr)x3.
   3290    1961.762500      11.368000       0.025400    2185.716100      10.928200       0.017100    2157.468300      11.168300       0.021200
   3303    1968.219800      11.397900       0.025600    2191.948500      11.005300       0.018000    2163.928700      11.200000       0.021400
   3315    1971.233200      11.393900       0.025300    2195.293900      11.034400       0.018300    2167.203100      11.223700       0.021700
   3328    1972.991700      11.439900       0.026300    2197.193400      11.054200       0.018600    2169.099400      11.252000       0.022200
   3340    1978.394900      11.464400       0.026900    2202.374500      11.059000       0.018700    2174.555400      11.307700       0.023300
   3353    1984.147200      11.345400       0.024300    2208.193400      10.862300       0.015700    2180.379900      11.081800       0.019100
   3365    1988.868300      11.373900       0.024900    2213.182100      10.876500       0.015900    2185.055400      11.105600       0.019600
   3378    1992.527800      11.341800       0.024200    2216.890100      10.877700       0.016000    2188.867400      11.124300       0.019900
   3390    1997.998700      11.334000       0.024000    2222.107400      10.900500       0.016200    2194.199200      11.166400       0.020600
   3403    2004.758400      11.268600       0.022700    2229.105700      10.897900       0.016300    2201.443800      11.145800       0.020300
   3440    2018.811400      11.334300       0.024100    2243.289100      10.851900       0.015600    2215.206300      11.129800       0.020000
   3452    2024.299400      11.376400       0.025100    2248.466100      10.821100       0.015200    2220.470900      11.087700       0.019300
   3465    2027.228500      11.326500       0.023900    2251.513400      10.880600       0.016000    2223.406700      11.091700       0.019300
   3477    2030.745500      11.291000       0.023100    2254.737800      10.879400       0.015900    2226.815400      11.149900       0.020300
   3502    2040.547200      11.329900       0.024000    2264.667700      10.860900       0.015800    2236.976100      11.145100       0.020300
   3515    2044.520500      11.322200       0.023900    2269.026100      10.867600       0.015800    2241.167200      11.139100       0.020200
   3527    2048.985100      11.357600       0.024600    2273.136200      10.929700       0.016700    2245.072300      11.142700       0.020200
   3539    2053.329800      11.352700       0.024500    2277.937000      10.877200       0.016000    2250.084500      11.172600       0.020800
   3552    2059.170200      11.359100       0.024600    2283.295700      10.921900       0.016600    2255.531000      11.170000       0.020700
   3564    2064.315700      11.307400       0.023500    2288.696500      10.923200       0.016600    2260.578600      11.129900       0.020100
   3577    2068.552200      11.371100       0.024900    2292.627900      10.926500       0.016700    2264.524700      11.099000       0.019500
   3589    2073.056900      11.415800       0.025900    2297.464600      10.889300       0.016100    2269.382800      11.129400       0.020000
   3602    2077.644500      11.351300       0.024500    2301.858200      10.920600       0.016600    2273.825400      11.141300       0.020200
   3614    2083.015100      11.339800       0.024300    2307.570100      10.869500       0.015900    2279.408200      11.190400       0.021200
   3627    2085.932900      11.342000       0.024300    2310.519300      10.872800       0.015900    2282.427500      11.115500       0.019800
   3639    2090.645500      11.320700       0.023800    2314.709200      10.883700       0.016000    2286.943600      11.125500       0.019900
   3652    2093.744900      11.424500       0.026100    2318.067600      10.929300       0.016700    2289.984600      11.159300       0.020600
   3664    2103.013400      11.360000       0.024600    2327.873800      10.922300       0.016600    2300.066400      11.133500       0.020100
   3676    2107.763900      11.351900       0.024400    2331.875500      10.898800       0.016200    2304.228500      11.197900       0.021300
   3689    2110.836200      11.361400       0.024700    2335.414300      10.899100       0.016300    2306.105000      11.234400       0.022000
   3701    2117.378200      11.408400       0.025700    2341.874500      10.971500       0.017300    2314.318400      11.152100       0.020400
   3714    2121.629400      11.388400       0.025200    2345.868200      10.933000       0.016700    2318.039300      11.144500       0.020200
   3726    2124.319600      11.360400       0.024700    2348.644500      10.919800       0.016600    2321.059300      11.101400       0.019500
   3739    2128.307400      11.401800       0.025500    2353.041500      10.948800       0.017000    2325.005600      11.186600       0.021000
   3751    2131.304000      11.411200       0.025800    2356.085700      10.926700       0.016700    2328.163100      11.163100       0.020600
   3764    2137.125500      11.360000       0.024700    2361.653100      10.929900       0.016800    2333.612500      11.155100       0.020500
   3776    2138.304400      11.332100       0.024000    2363.069800      10.939700       0.016900    2335.049300      11.131500       0.020000
   3788    2145.272500      11.435900       0.026400    2369.753200      10.959300       0.017100    2342.023200      11.222200       0.021700
   3801    2150.539800      11.439800       0.026400    2375.037800      10.970700       0.017300    2347.190200      11.124400       0.019900
   3813    2157.049800      11.373400       0.024900    2381.611600      10.989300       0.017600    2353.921900      11.206800       0.021400
   3826    2161.118700      11.408000       0.025700    2385.554400      11.000500       0.017800    2358.034700      11.159700       0.020500
   3838    2165.448500      11.434200       0.026300    2390.089400      11.039400       0.018400    2362.048300      11.217300       0.021600
   3851    2170.943400      11.431400       0.026300    2395.471900      10.944200       0.016900    2367.442400      11.231900       0.021900
   3863    2176.404300      11.381500       0.025100    2400.648200      10.940000       0.016800    2372.439500      11.261900       0.022500
   3888    2182.298100      11.468400       0.027100    2406.980000      10.965000       0.017200    2379.126700      11.253800       0.022300
   3900    2189.248500      11.422600       0.026100    2413.578400      10.952800       0.017100    2385.451200      11.241200       0.022100
   3913    2192.279100      11.524200       0.028600    2416.252400      10.978900       0.017500    2388.655800      11.234900       0.022000
   3925    2198.308800      11.440700       0.026300    2422.823200      10.984100       0.017400    2395.296100      11.264600       0.022400
   3938    2202.822300      11.470400       0.027200    2427.222700      10.963700       0.017200    2399.303700      11.275500       0.022800
   3950    2208.578400      11.462200       0.027000    2433.031000      10.943800       0.016900    2404.915300      11.247900       0.022200
   3963    2213.291300      11.418000       0.025900    2437.585700      11.011700       0.017900    2409.636200      11.294000       0.023100
   3975    2216.513700      11.459600       0.026900    2440.893800      10.994800       0.017700    2413.111600      11.269800       0.022600
   3988    2221.087600      11.454900       0.026800    2445.548800      11.038000       0.018400    2417.526600      11.207300       0.021400
   4000    2225.595900      11.434300       0.026300    2450.157500      11.012800       0.018000    2422.402100      11.265100       0.022500
   4013    2229.596900      11.471100       0.027100    2454.181600      11.026600       0.018200    2426.215800      11.261400       0.022500
   4025    2233.990000      11.466000       0.027000    2458.443800      11.025400       0.018100    2430.833700      11.310800       0.023400
   4037    2238.419900      11.480100       0.027400    2462.863500      11.020100       0.018100    2435.132300      11.339800       0.024100
   4050    2242.217300      11.530000       0.028700    2466.777100      11.025100       0.018200    2438.879600      11.280000       0.022900
   4062    2247.270800      11.456300       0.026900    2471.507800      11.023200       0.018200    2443.799800      11.329500       0.024000
   4075    2251.507300      11.499900       0.027900    2476.433800      11.085400       0.019200    2448.315700      11.346200       0.024300
   4087    2256.149700      11.446800       0.026600    2480.714400      11.059900       0.018700    2452.682400      11.268300       0.022600
   4100    2260.794200      11.483800       0.027500    2484.962200      11.077200       0.019000    2457.115000      11.300100       0.023300
