#The columns are: Time, (XCoord, Mag, Magerr)x3.
   4541    1882.203500      11.260700       0.022900    2106.906500      10.803300       0.015100    2079.131600      11.021600       0.018400
   4554    1888.911100      11.271700       0.022800    2112.976600      10.817500       0.015200    2085.545700      11.038100       0.018500
   4579    1898.545200      11.286300       0.023100    2122.980200      10.831000       0.015300    2094.943600      11.115100       0.019800
   4591    1902.381200      11.313900       0.023700    2126.620400      10.823000       0.015200    2098.733200      11.074600       0.019100
   4604    1906.826400      11.312400       0.023500    2131.011200      10.849300       0.015500    2103.595900      11.074900       0.019000
   4616    1912.982100      11.346100       0.024300    2137.203900      10.847800       0.015500    2109.401400      11.085800       0.019200
   4628    1916.566900      11.300800       0.023300    2140.861600      10.859100       0.015700    2113.430900      11.120600       0.019800
   4641    1921.043200      11.315700       0.023700    2145.515400      10.887800       0.016100    2117.764900      11.112200       0.019700
   4653    1923.917100      11.309700       0.023600    2148.453600      10.870400       0.015900    2120.825400      11.106500       0.019600
   4666    1928.030900      11.353900       0.024500    2152.381800      10.842000       0.015400    2124.786600      11.118100       0.019800
   4678    1932.026500      11.297400       0.023300    2156.071800      10.868200       0.015800    2129.076200      11.089300       0.019300
   4691    1936.486000      11.364200       0.024700    2160.970700      10.858400       0.015700    2133.387500      11.128800       0.020000
   4703    1939.642300      11.312200       0.023500    2163.554200      10.864600       0.015700    2136.521500      11.115600       0.019700
   4716    1944.838300      11.299100       0.023400    2168.406500      10.895700       0.016300    2141.218800      11.121400       0.019900
   4728    1950.497400      11.320400       0.023700    2174.654500      10.901200       0.016300    2147.105500      11.169900       0.020700
   4741    1953.646200      11.376800       0.025000    2178.055900      10.914800       0.016500    2150.546900      11.116600       0.019800
   4753    1957.486800      11.337100       0.024100    2182.027600      10.878200       0.015900    2154.295400      11.164500       0.020600
   4765    1961.768300      11.326700       0.023900    2186.479700      10.874400       0.015900    2158.972900      11.129300       0.020000
   4778    1967.673700      11.363600       0.024700    2192.147500      10.841000       0.015400    2164.655300      11.133700       0.020100
   4790    1973.823000      11.347800       0.024300    2198.038800      10.867300       0.015800    2170.533700      11.136100       0.020100
   4803    1975.959800      11.346000       0.024300    2200.641400      10.908900       0.016400    2173.186300      11.118300       0.019800
   4815    1980.629000      11.367000       0.024800    2205.089800      10.915500       0.016500    2177.701900      11.131000       0.020000
   4840    1990.256100      11.364900       0.024800    2215.043500      10.855100       0.015700    2187.400100      11.120500       0.019900
   4853    1995.467000      11.392300       0.025400    2219.571500      10.901100       0.016300    2191.530000      11.076900       0.019100
   4865    1999.633200      11.382000       0.025200    2223.964400      10.884200       0.016100    2195.986800      11.142500       0.020300
   4878    2006.628800      11.327700       0.023900    2231.362100      10.911700       0.016400    2203.738800      11.143200       0.020200
   4890    2010.488600      11.379900       0.025100    2235.088900      10.899000       0.016300    2207.429700      11.130000       0.020000
   4902    2014.835300      11.347200       0.024400    2239.305900      10.877300       0.016000    2211.615200      11.101000       0.019500
   4915    2018.203500      11.378100       0.025000    2242.721900      10.886300       0.016100    2215.159900      11.170300       0.020800
   4927    2021.615700      11.325900       0.023900    2245.237800      10.877700       0.016000    2218.562300      11.153800       0.020500
   4940    2026.735400      11.282700       0.023000    2251.795700      10.865100       0.015800    2224.188200      11.005900       0.017900
   4952    2030.063600      11.314500       0.023700    2254.784400      10.838000       0.015400    2227.340600      11.114700       0.019800
   4965    2036.643200      11.380100       0.025100    2261.559800      10.844100       0.015500    2233.893800      11.160000       0.020600
   4977    2041.725700      11.362600       0.024700    2265.974100      10.855600       0.015700    2238.741900      11.147900       0.020400
   4990    2047.075000      11.365500       0.024700    2272.035200      10.865100       0.015700    2244.545700      11.143800       0.020200
   5002    2054.024700      11.384500       0.025200    2278.630600      10.863100       0.015800    2250.947300      11.116800       0.019800
   5015    2058.133100      11.388300       0.025200    2282.715800      10.889400       0.016100    2255.659200      11.133100       0.020000
   5027    2064.597200      11.411400       0.025900    2288.984600      10.872400       0.015900    2261.486300      11.127900       0.020000
   5039    2067.616000      11.390200       0.025300    2292.397200      10.883500       0.016000    2264.889400      11.175000       0.020800
