#The columns are: Time, (XCoord, Mag, Magerr)x3.
   7872    2049.924600      11.278700       0.023800    2273.229200      10.850200       0.016200    2247.653100      10.939200       0.017500
   7884    2050.557400      11.332100       0.024400    2275.486300      10.817000       0.015300    2248.457800      11.049500       0.018900
   7897    2053.513900      11.396200       0.025700    2278.348100      10.855600       0.015800    2251.296400      11.103000       0.019700
   7909    2057.177000      11.359000       0.024800    2282.153100      10.919500       0.016700    2255.323500      11.098500       0.019600
   7922    2061.751000      11.343800       0.024400    2286.963900      10.868400       0.015900    2259.904300      11.060000       0.018900
   7934    2065.081300      11.372400       0.025100    2289.797100      10.891500       0.016200    2262.594000      11.052500       0.018800
   7947    2069.629200      11.377600       0.025100    2294.560100      10.906900       0.016400    2267.445600      11.055200       0.018800
   7959    2071.026100      11.359200       0.024700    2295.819100      10.930100       0.016800    2268.451400      11.129600       0.020100
   7971    2077.616700      11.373900       0.025000    2302.587200      10.890700       0.016200    2275.409200      11.075400       0.019100
   7984    2080.656700      11.372800       0.025000    2305.445300      10.937800       0.016900    2278.606900      11.059400       0.018900
   7996    2083.623800      11.370900       0.025000    2308.525100      10.890600       0.016200    2281.526900      11.072000       0.019100
   8009    2086.012000      11.339600       0.024200    2311.283700      10.882000       0.016100    2284.298100      11.104600       0.019600
   8021    2090.544200      11.360100       0.024700    2315.617400      10.906100       0.016400    2288.550300      11.064800       0.019000
   8034    2094.742700      11.374200       0.025000    2319.901600      10.936600       0.016800    2292.745600      11.139000       0.020200
   8046    2097.857900      11.404200       0.025700    2322.622800      10.944800       0.017000    2295.679400      11.075500       0.019100
   8059    2100.211900      11.389300       0.025400    2325.380900      10.858700       0.015800    2298.069100      11.144600       0.020400
   8071    2103.004600      11.358900       0.024700    2328.192900      10.884800       0.016100    2301.474900      11.101300       0.019600
   8084    2107.476300      11.374200       0.025000    2332.476600      10.861900       0.015800    2305.494400      11.081000       0.019200
   8096    2108.961900      11.367000       0.025000    2333.954300      10.882300       0.016100    2307.193600      11.109100       0.019800
   8108    2111.229200      11.350800       0.024500    2336.138200      10.874400       0.016000    2308.986100      11.051100       0.018700
   8121    2115.134300      11.427000       0.026300    2340.470900      10.918300       0.016600    2312.966300      11.078800       0.019200
   8133    2120.066400      11.348800       0.024500    2344.792200      10.898000       0.016300    2317.824000      11.160500       0.020700
   8146    2125.048600      11.397700       0.025600    2349.972400      10.889200       0.016200    2323.044200      11.111000       0.019800
   8158    2126.964800      11.396100       0.025600    2351.953600      10.937500       0.016900    2324.935500      11.060900       0.018900
   8171    2132.265600      11.431000       0.026400    2357.473600      10.963500       0.017300    2330.439700      11.166300       0.020800
   8183    2135.847200      11.434100       0.026400    2361.054400      10.965800       0.017300    2334.023700      11.159000       0.020600
   8196    2139.289600      11.379700       0.025200    2364.115700      10.929200       0.016800    2337.237500      11.126600       0.020100
   8208    2140.577100      11.373300       0.025100    2365.225300      10.986600       0.017700    2338.672600      11.097500       0.019600
   8220    2142.559100      11.398000       0.025600    2367.893100      10.966400       0.017300    2341.098600      11.169400       0.020800
   8233    2147.629900      11.440300       0.026600    2372.815200      10.956400       0.017200    2345.760000      11.211100       0.021600
   8245    2150.631300      11.444400       0.026700    2375.867700      10.925000       0.016700    2349.072500      11.155400       0.020500
   8258    2153.915000      11.376600       0.025100    2379.855200      11.038700       0.018500    2351.711200      11.150400       0.020400
   8270    2157.641600      11.375200       0.025100    2382.582300      10.885400       0.016200    2355.911400      11.141000       0.020300
   8283    2160.842800      11.436300       0.026500    2386.100100      10.917300       0.016600    2359.323500      11.157600       0.020600
   8295    2164.243400      11.416500       0.026100    2388.676300      10.914400       0.016600    2361.975100      11.211100       0.021700
   8308    2167.374500      11.442700       0.026700    2392.585000      10.908600       0.016500    2365.361600      11.182000       0.021100
   8320    2171.183800      11.458900       0.027100    2396.153300      10.938600       0.016900    2369.307600      11.156600       0.020600
   8333    2176.171100      11.483700       0.027700    2401.341600      10.931000       0.016800    2374.458000      11.121100       0.019900
   8345    2179.063200      11.478700       0.027600    2404.483200      10.876100       0.016000    2377.225800      11.195800       0.021400
   8357    2182.754600      11.458700       0.027100    2407.669900      10.900400       0.016400    2380.506600      11.194800       0.021300
   8370    2185.333700      11.460600       0.027100    2410.825000      10.890100       0.016200    2383.793900      11.162500       0.020700
   8382    2189.430200      11.462600       0.027100    2414.329100      10.947500       0.017000    2387.307100      11.170100       0.020800
   8395    2192.924800      11.443800       0.026800    2417.963600      10.949300       0.017200    2391.195100      11.155300       0.020700
   8407    2196.115000      11.423100       0.026300    2421.295900      10.919000       0.016700    2394.532700      11.189500       0.021300
   8420    2199.087200      11.456600       0.027000    2424.436800      10.935000       0.016800    2397.485800      11.276400       0.022900
   8432    2204.245600      11.446700       0.026800    2429.910200      10.940700       0.017000    2403.220700      11.180900       0.021000
   8445    2205.104500      11.392000       0.025500    2430.649400      10.941400       0.017000    2403.549600      11.179900       0.021000
   8457    2207.964400      11.508000       0.028300    2433.531000      10.939500       0.017000    2406.541300      11.220700       0.021900
   8469    2212.121100      11.420000       0.026200    2436.947300      10.911200       0.016600    2410.049300      11.185600       0.021200
   8482    2215.111600      11.450100       0.026800    2440.142600      10.925300       0.016700    2413.527800      11.221800       0.021800
   8494    2216.436500      11.446600       0.026800    2441.732900      10.987200       0.017700    2414.931200      11.210200       0.021600
   8507    2220.784900      11.391700       0.025500    2445.923100      10.889600       0.016200    2418.651600      11.245800       0.022300
   8519    2225.230700      11.429300       0.026400    2450.482700      10.942700       0.017000    2422.954100      11.195600       0.021300
   8532    2228.292000      11.428400       0.026300    2453.388700      10.911700       0.016500    2426.311800      11.165700       0.020800
   8544    2233.855000      11.431700       0.026400    2458.689500      10.909700       0.016500    2431.907000      11.104700       0.019600
   8557    2236.193600      11.467900       0.027400    2460.996800      10.920900       0.016700    2434.357700      11.106500       0.019700
   8569    2240.602800      11.453200       0.027000    2465.607700      11.011400       0.018100    2439.215100      11.210900       0.021700
   8582    2243.847900      11.417400       0.026200    2468.872800      10.933600       0.016900    2442.084200      11.174300       0.021000
   8594    2248.287100      11.440900       0.026700    2473.394300      10.964000       0.017300    2446.387900      11.160900       0.020700
   8606    2251.019300      11.462700       0.027200    2476.493700      10.947500       0.017100    2449.477800      11.188400       0.021300
   8619    2252.821500      11.390100       0.025400    2478.244100      10.932500       0.016800    2451.152100      11.214400       0.021700
   8631    2256.530800      11.505500       0.028300    2481.764600      10.912600       0.016600    2454.593000      11.167100       0.020800
   8644    2260.545700      11.444500       0.026800    2485.730700      10.970300       0.017500    2458.833700      11.183400       0.021200
   8656    2264.293500      11.432900       0.026500    2489.377400      10.910900       0.016600    2462.388700      11.144400       0.020400
   8669    2267.365000      11.440300       0.026700    2492.610400      10.972800       0.017500    2465.583000      11.184200       0.021200
   8681    2269.737100      11.476500       0.027600    2495.064000      11.004400       0.018000    2468.056900      11.251500       0.022500
   8694    2272.859100      11.443500       0.026700    2497.988000      10.989800       0.017700    2471.147000      11.173700       0.020900
   8706    2278.440900      11.504500       0.028300    2503.706500      11.002700       0.018000    2477.300800      11.239000       0.022200
   8718    2281.510300      11.465400       0.027300    2506.401600      10.992800       0.017800    2479.710200      11.255500       0.022600
   8731    2284.168500      11.456800       0.027100    2509.732400      10.963200       0.017300    2482.582000      11.208100       0.021600
   8743    2287.314500      11.496300       0.028100    2510.560800      10.988900       0.017800    2486.112100      11.212300       0.021700
   8756    2290.980700      11.496300       0.028100    2515.776900      10.961600       0.017400    2489.550000      11.210000       0.021700
   8781    2298.511200      11.469800       0.027400    2523.777300      11.029400       0.018400    2496.459500      11.215900       0.021800
   8793    2301.043000      11.465400       0.027300    2526.239500      11.004900       0.018000    2499.087900      11.169800       0.020900
   8806    2305.334000      11.457500       0.027100    2530.994100      10.967300       0.017400    2503.849400      11.226300       0.022000
   8818    2306.177000      11.460100       0.027100    2531.301000      11.009400       0.018000    2504.272000      11.196800       0.021300
   8831    2311.029100      11.439600       0.026700    2536.127700      10.950400       0.017200    2509.036600      11.247600       0.022400
   8843    2313.749300      11.509100       0.028400    2538.926800      10.994900       0.017800    2512.125500      11.210200       0.021600
   8856    2316.398900      11.551600       0.029600    2541.697800      10.962000       0.017400    2514.540000      11.194400       0.021400
   8868    2321.020800      11.492300       0.027900    2546.629900      11.036700       0.018500    2520.040000      11.194900       0.021300
   8880    2320.729200      11.453100       0.027000    2546.280000      11.012800       0.018100    2519.372300      11.290900       0.023300
   8893    2325.158700      11.440800       0.026600    2550.402800      11.043300       0.018600    2523.845000      11.243900       0.022300
   8905    2328.827900      11.475800       0.027600    2554.293700      11.025800       0.018400    2527.592800      11.225100       0.022000
   8918    2333.872800      11.473500       0.027500    2559.199000      11.037900       0.018600    2532.234600      11.276800       0.023000
   8930    2334.409700      11.526900       0.028900    2559.920700      11.000800       0.018000    2533.173100      11.275100       0.023000
   8943    2338.544400      11.460300       0.027200    2563.712600      10.957500       0.017300    2536.704600      11.219300       0.021900
   8955    2342.814500      11.537000       0.029100    2567.966600      11.025600       0.018400    2540.671600      11.170100       0.020900
   8968    2347.549800      11.444100       0.026800    2572.473900      10.996900       0.017900    2545.579300      11.225400       0.022000
   8980    2351.783200      11.488300       0.028000    2577.210000      10.964300       0.017400    2550.112100      11.244300       0.022400
   8993    2354.736600      11.502600       0.028200    2580.209700      11.017200       0.018200    2552.850600      11.300300       0.023500
   9005    2358.219500      11.478600       0.027700    2583.436800      11.027600       0.018400    2556.456100      11.303800       0.023700
   9018    2359.126200      11.461600       0.027200    2584.621300      11.011600       0.018100    2557.609100      11.248100       0.022500
   9042    2365.324700      11.514700       0.028600    2590.683100      10.995300       0.017900    2563.874800      11.318300       0.023900
   9055    2369.483900      11.564800       0.030000    2594.481000      11.008000       0.018100    2567.632600      11.174800       0.021100
   9067    2371.665300      11.550300       0.029500    2597.218300      11.035200       0.018500    2570.305400      11.172800       0.021000
   9080    2375.140400      11.547100       0.029400    2600.336700      11.024400       0.018400    2573.633300      11.235500       0.022200
   9092    2378.166500      11.529700       0.029000    2603.211200      11.019000       0.018300    2576.333500      11.241600       0.022300
   9105    2382.534400      11.421700       0.026300    2608.160400      11.018800       0.018300    2580.779500      11.263700       0.022800
   9117    2385.413100      11.452100       0.027000    2610.925000      11.016600       0.018200    2581.976300      11.275400       0.023000
   9130    2388.789100      11.468500       0.027400    2614.247300      11.005900       0.018100    2587.388200      11.169000       0.020900
   9155    2395.346400      11.487900       0.027900    2620.367900      11.085400       0.019400    2593.440900      11.266100       0.022800
   9167    2400.488300      11.498000       0.028200    2626.406700      11.027800       0.018400    2599.397700      11.218000       0.021900
   9179    2401.845000      11.554900       0.029700    2627.173600      11.078600       0.019300    2600.494600      11.283200       0.023200
   9192    2405.793000      11.538700       0.029200    2631.492900      11.033600       0.018500    2604.248500      11.309400       0.023800
   9204    2409.325400      11.450400       0.027000    2635.064500      10.993800       0.017900    2607.547600      11.221400       0.022000
   9217    2413.545900      11.519200       0.028700    2639.033700      10.973300       0.017500    2611.965300      11.251200       0.022500
   9229    2417.190200      11.453000       0.027100    2642.866500      11.045700       0.018800    2615.842300      11.255300       0.022700
   9242    2419.143300      11.489000       0.028000    2644.880400      11.018500       0.018300    2614.370100      11.216600       0.021900
   9254    2421.928200      11.595700       0.030700    2647.857200      11.001900       0.018000    2620.890400      11.253800       0.022600
   9267    2425.600300      11.569000       0.030000    2651.104500      11.053900       0.018800    2623.732700      11.274200       0.022900
   9279    2427.415300      11.581100       0.030300    2653.329600      11.073100       0.019200    2626.226800      11.304800       0.023600
   9292    2430.806900      11.548000       0.029500    2656.623000      11.093900       0.019600    2629.673800      11.338600       0.024400
   9304    2431.853800      11.478900       0.027700    2657.791700      11.036300       0.018500    2630.738300      11.283400       0.023200
   9317    2439.091800      11.544200       0.029300    2664.665000      11.055800       0.018900    2637.979000      11.288600       0.023300
   9329    2442.273700      11.467000       0.027400    2667.479700      11.020200       0.018300    2641.086900      11.257400       0.022700
   9341    2445.118700      11.449700       0.027000    2670.595500      11.013500       0.018200    2643.685500      11.317500       0.024000
   9354    2448.319100      11.507400       0.028500    2674.035600      11.018100       0.018300    2646.670900      11.306400       0.023800
   9366    2452.192900      11.534800       0.029100    2677.662600      11.009100       0.018100    2650.554200      11.281600       0.023100
   9379    2455.959700      11.508100       0.028400    2681.232400      11.045600       0.018700    2654.714100      11.268600       0.022900
   9391    2457.492400      11.472100       0.027600    2682.427000      11.055300       0.018900    2655.984900      11.251700       0.022600
   9404    2460.028600      11.520800       0.028800    2685.264600      11.086300       0.019400    2658.890600      11.273200       0.023000
   9416    2462.480000      11.525600       0.028900    2688.236800      11.107800       0.019800    2660.938500      11.285200       0.023200
   9429    2467.731200      11.506600       0.028400    2693.432900      11.002800       0.018100    2666.365500      11.242600       0.022400
   9441    2467.957300      11.540000       0.029300    2693.743400      11.096300       0.019600    2666.764200      11.298600       0.023600
   9454    2472.884000      11.605100       0.031100    2698.545900      11.100900       0.019700    2671.618400      11.293700       0.023400
