#The columns are: Time, (XCoord, Mag, Magerr)x3.
   5720    1894.082800      11.211200       0.022300    2118.481400      10.773000       0.015000    2091.020000      10.978600       0.018100
   5733    1898.534200      11.246400       0.022500    2122.957800      10.773800       0.014700    2095.680900      10.971200       0.017600
   5745    1902.532300      11.294800       0.023400    2126.987800      10.839100       0.015500    2099.914800      11.032300       0.018400
   5758    1907.993200      11.320300       0.023900    2132.629600      10.805400       0.015100    2105.184800      11.049900       0.018700
   5770    1912.564300      11.347900       0.024400    2136.811800      10.817100       0.015200    2109.341800      11.106900       0.019700
   5783    1916.372200      11.348800       0.024400    2140.837200      10.851000       0.015600    2113.639400      11.055100       0.018700
   5795    1920.124300      11.306700       0.023500    2145.056600      10.862800       0.015800    2117.787100      11.136500       0.020200
   5820    1928.958600      11.342300       0.024300    2152.948500      10.853100       0.015600    2125.791300      11.088500       0.019300
   5832    1932.042700      11.324900       0.024000    2156.375500      10.834400       0.015400    2129.110600      11.077800       0.019200
   5845    1934.927200      11.326400       0.023900    2159.477500      10.840600       0.015500    2131.943800      11.103000       0.019600
   5857    1941.084200      11.305800       0.023500    2165.681900      10.861600       0.015700    2138.000000      11.038100       0.018400
   5870    1943.052700      11.376700       0.025100    2167.220700      10.859500       0.015700    2140.066700      11.058700       0.018800
   5882    1947.192500      11.305900       0.023600    2171.875000      10.848000       0.015600    2144.246300      10.995600       0.017800
   5895    1951.020000      11.312200       0.023600    2175.535900      10.840700       0.015400    2147.943800      11.110000       0.019700
   5907    1955.726600      11.338700       0.024200    2180.607900      10.885900       0.016100    2153.296400      11.055600       0.018800
   5920    1957.219800      11.325400       0.023900    2181.802500      10.840100       0.015500    2154.790300      11.015600       0.018100
   5932    1961.957900      11.362800       0.024800    2186.630400      10.850200       0.015600    2159.289300      11.027100       0.018300
   5945    1966.478000      11.375800       0.025100    2191.145300      10.783900       0.014700    2163.436300      11.035100       0.018400
   5957    1971.729100      11.325900       0.024000    2196.156700      10.867500       0.015900    2168.522900      11.113100       0.019800
   5969    1976.706200      11.332100       0.024100    2201.357200      10.834700       0.015400    2173.608900      11.109700       0.019700
   5982    1978.081800      11.373400       0.025000    2203.292700      10.861100       0.015800    2176.070600      11.065400       0.019000
   5994    1983.665600      11.389900       0.025400    2208.181600      10.815200       0.015100    2180.890600      11.106500       0.019700
   6007    1987.231700      11.384600       0.025200    2211.539800      10.856300       0.015700    2184.587900      11.103100       0.019600
   6019    1991.876800      11.339900       0.024300    2216.251200      10.862900       0.015800    2189.133300      11.080400       0.019200
   6044    1998.580800      11.318200       0.023800    2223.287600      10.867300       0.015800    2196.003200      11.127000       0.020000
   6057    2002.325100      11.295200       0.023300    2226.668000      10.839800       0.015400    2199.685300      11.078600       0.019100
   6069    2005.710600      11.362600       0.024700    2230.317900      10.828500       0.015300    2203.197500      11.073600       0.019000
   6082    2007.680400      11.402000       0.025700    2231.806400      10.881100       0.016000    2204.447300      11.052000       0.018700
   6094    2011.172600      11.334500       0.024200    2235.511000      10.895400       0.016300    2208.345000      11.042200       0.018600
   6106    2013.258500      11.363300       0.024800    2237.960000      10.875000       0.016000    2210.662800      11.045000       0.018600
   6119    2017.575600      11.324900       0.023900    2242.079300      10.881200       0.016000    2214.652300      11.095100       0.019400
   6131    2020.253800      11.315800       0.023700    2244.901900      10.880000       0.016000    2217.345900      11.091300       0.019400
   6144    2025.919100      11.355800       0.024700    2250.090600      10.880800       0.016100    2222.819600      11.047300       0.018700
   6156    2029.646200      11.312300       0.023600    2254.258800      10.893200       0.016200    2227.197000      11.134600       0.020100
   6169    2036.089100      11.351700       0.024500    2260.947000      10.864800       0.015800    2233.580800      11.100000       0.019500
   6181    2040.856300      11.378300       0.025200    2265.655800      10.846200       0.015600    2238.412800      11.084600       0.019300
   6194    2044.483900      11.352900       0.024500    2269.424300      10.897400       0.016300    2241.862500      11.134300       0.020100
   6206    2047.040800      11.409500       0.025700    2271.575200      10.925000       0.016600    2244.264200      11.108500       0.019600
   6218    2050.509500      11.419900       0.026100    2275.626700      10.896900       0.016300    2248.452100      11.127200       0.020000
   6231    2054.711900      11.427100       0.026200    2279.293500      10.893600       0.016200    2252.335400      11.106900       0.019600
   6243    2057.910600      11.385500       0.025300    2282.128200      10.932000       0.016800    2254.773200      11.159100       0.020600
   6256    2061.715300      11.308400       0.023600    2286.235600      10.870700       0.015900    2259.409400      11.142300       0.020300
   6268    2063.543500      11.354600       0.024600    2288.760500      10.939000       0.016900    2261.440700      11.109500       0.019700
   6281    2068.774900      11.436400       0.026500    2293.236100      10.886600       0.016100    2266.064500      11.072600       0.019100
   6293    2071.351100      11.383400       0.025300    2296.397500      10.948400       0.017100    2269.243700      11.087900       0.019400
   6306    2075.894500      11.419900       0.026200    2300.549800      10.924100       0.016700    2273.348900      11.141500       0.020300
   6318    2079.260300      11.345800       0.024400    2303.952100      10.928700       0.016800    2276.464400      11.088900       0.019400
   6331    2083.292500      11.373600       0.025000    2308.115200      10.921200       0.016600    2280.006800      11.120700       0.019900
   6343    2086.561800      11.375600       0.025100    2311.148700      10.966800       0.017400    2283.328400      11.102900       0.019600
   6355    2089.864300      11.323200       0.023800    2314.532500      10.937900       0.016800    2287.204800      11.084000       0.019200
   6368    2094.008500      11.363300       0.024700    2318.590800      10.924000       0.016700    2291.061300      11.107600       0.019600
   6380    2097.156700      11.347000       0.024400    2322.077400      10.883000       0.016100    2294.355500      11.152900       0.020500
   6393    2101.099400      11.349300       0.024400    2325.632100      10.898400       0.016300    2298.314000      11.074500       0.019100
   6405    2105.313700      11.364200       0.024900    2329.962400      10.852700       0.015700    2302.899400      11.116800       0.019900
   6418    2108.991200      11.338300       0.024300    2333.901600      10.887100       0.016200    2307.329600      11.198900       0.021400
   6430    2112.453900      11.380100       0.025200    2336.921400      10.934500       0.016900    2310.008100      11.127000       0.020100
   6443    2116.952600      11.370000       0.025000    2341.576900      10.912200       0.016500    2314.464400      11.132000       0.020200
   6455    2121.005400      11.352100       0.024600    2346.198700      10.934600       0.016900    2318.766400      11.081700       0.019300
   6468    2123.444100      11.381400       0.025200    2348.268100      10.932000       0.016800    2320.925800      11.176300       0.021000
   6480    2126.219200      11.418200       0.026100    2351.249000      10.916000       0.016600    2324.047100      11.210600       0.021600
   6492    2129.688000      11.357100       0.024700    2354.883300      10.906500       0.016500    2326.475300      11.191400       0.021300
   6505    2133.159200      11.398600       0.025500    2357.998500      10.895800       0.016200    2331.782000      11.146100       0.020300
   6517    2136.440200      11.447600       0.026700    2361.280800      10.909400       0.016400    2333.733200      11.073700       0.019000
   6530    2141.187700      11.386400       0.025300    2365.757600      10.930000       0.016800    2338.865200      11.163900       0.020700
   6542    2144.675500      11.454800       0.027000    2369.805200      10.904300       0.016400    2342.333500      11.172400       0.020900
   6555    2148.949200      11.364900       0.024900    2374.140100      10.897600       0.016300    2346.560300      11.176200       0.021000
   6567    2153.668900      11.379800       0.025200    2378.453600      10.888300       0.016200    2351.307600      11.159900       0.020600
   6580    2159.177700      11.441800       0.026600    2384.060500      10.896800       0.016300    2356.991000      11.246900       0.022300
   6592    2162.759000      11.414200       0.026000    2387.933100      10.907600       0.016500    2360.616900      11.142700       0.020300
   6605    2164.855000      11.430400       0.026400    2389.920400      10.951500       0.017100    2362.840800      11.182900       0.021100
   6617    2169.731900      11.445300       0.026700    2394.589600      10.967800       0.017300    2367.664100      11.191900       0.021200
   6629    2172.129400      11.399100       0.025600    2396.481700      10.884900       0.016100    2369.151400      11.183900       0.021100
   6642    2175.278600      11.406700       0.025700    2400.465800      10.940900       0.016900    2373.125700      11.216700       0.021700
   6654    2178.512000      11.456200       0.027000    2403.346700      10.992000       0.017700    2376.428700      11.141800       0.020300
   6667    2182.000700      11.444300       0.026700    2406.782000      10.949300       0.017100    2379.366700      11.160000       0.020700
   6679    2186.502200      11.395700       0.025500    2411.471400      10.932000       0.016800    2384.197500      11.149700       0.020400
   6692    2190.015900      11.412500       0.026000    2414.789800      10.977200       0.017500    2387.849400      11.107300       0.019700
   6704    2192.698200      11.381400       0.025200    2418.055200      10.979700       0.017600    2390.851800      11.192700       0.021300
   6717    2196.266100      11.401000       0.025700    2421.153100      10.921500       0.016700    2394.118900      11.167100       0.020800
   6729    2201.214800      11.428800       0.026300    2426.249800      10.925200       0.016700    2398.797400      11.129200       0.020100
   6742    2205.119600      11.495700       0.028000    2429.844700      10.960300       0.017200    2402.385700      11.204600       0.021500
   6754    2208.124800      11.420800       0.026100    2433.230200      10.985500       0.017600    2405.807900      11.159200       0.020600
   6767    2212.645000      11.458300       0.027000    2437.973900      10.913500       0.016500    2410.662400      11.242600       0.022300
   6779    2216.078600      11.423200       0.026200    2440.569600      10.922400       0.016700    2413.679700      11.140400       0.020300
   6793    2220.649400      11.401200       0.025600    2445.629900      10.918500       0.016600    2417.282500      11.153300       0.020500
   6806    2224.292200      11.422900       0.026100    2449.329300      10.926600       0.016700    2422.436300      11.149100       0.020400
   6818    2228.366900      11.486200       0.027700    2453.608200      10.965800       0.017300    2426.170700      11.153800       0.020500
   6831    2232.218000      11.479100       0.027600    2457.056900      10.958500       0.017300    2430.051300      11.173500       0.021000
   6843    2237.119900      11.461500       0.027200    2462.277600      10.956500       0.017200    2434.710200      11.215300       0.021700
   6856    2240.380900      11.475000       0.027400    2465.507100      10.980200       0.017500    2438.177700      11.266600       0.022700
   6868    2242.541300      11.448700       0.026800    2467.303200      10.946200       0.017000    2439.724600      11.209300       0.021600
   6881    2246.211900      11.499800       0.028000    2471.384300      11.000100       0.017800    2444.316900      11.188900       0.021100
   6893    2250.364000      11.411200       0.025900    2475.625700      10.972400       0.017400    2448.187300      11.154300       0.020500
   6905    2252.950000      11.406600       0.025700    2477.851300      10.956900       0.017200    2450.844500      11.201300       0.021400
   6918    2257.703600      11.408600       0.025700    2482.682900      10.949000       0.017000    2455.511500      11.146100       0.020300
   6930    2259.036900      11.482800       0.027600    2483.946500      11.012100       0.018000    2456.645300      11.152000       0.020400
   6943    2265.782700      11.464100       0.027100    2490.939000      11.003100       0.017900    2463.833000      11.179800       0.021000
   6955    2269.188200      11.434600       0.026400    2493.868900      11.051900       0.018700    2466.627900      11.155500       0.020500
   6968    2273.025600      11.444200       0.026700    2497.898400      11.034300       0.018400    2470.787600      11.240300       0.022200
   6980    2277.764600      11.452700       0.026900    2503.496800      11.027800       0.018400    2476.748800      11.239600       0.022200
   6993    2282.277100      11.430700       0.026300    2507.060800      10.993600       0.017700    2479.907700      11.198700       0.021300
   7005    2285.976100      11.489800       0.027800    2511.546100      10.997100       0.017800    2484.023900      11.199400       0.021400
   7018    2289.600100      11.447100       0.026700    2514.906700      10.960500       0.017200    2486.926300      11.200300       0.021400
   7030    2292.263400      11.442500       0.026600    2517.182100      10.980100       0.017500    2489.822800      11.254800       0.022500
   7049    2298.845500      11.354200       0.024700    2523.756600      10.960900       0.017300    2496.618400      11.189100       0.021200
   7061    2300.208300      11.439100       0.026600    2525.389900      10.941800       0.017000    2497.593800      11.207000       0.021500
   7074    2302.558300      11.445800       0.026800    2528.060800      10.947100       0.017100    2500.673300      11.288300       0.023200
   7086    2306.497600      11.437100       0.026500    2531.508500      10.972000       0.017400    2504.146500      11.231800       0.022000
   7099    2312.184100      11.419400       0.026100    2537.408900      10.957200       0.017200    2510.048300      11.219100       0.021800
   7123    2318.591300      11.427200       0.026300    2543.574700      11.012800       0.018100    2516.327100      11.183800       0.021100
   7136    2322.733600      11.461100       0.027100    2547.604500      10.929100       0.016800    2520.170200      11.186900       0.021100
   7148    2326.598100      11.495100       0.028000    2551.488000      10.974400       0.017500    2524.175800      11.187200       0.021200
   7161    2331.430700      11.462000       0.027100    2557.087200      10.958300       0.017200    2529.731900      11.221300       0.021800
   7173    2334.079100      11.444600       0.026700    2559.884800      10.984800       0.017600    2532.347900      11.231700       0.022000
   7186    2339.460900      11.434500       0.026400    2564.833000      10.984300       0.017600    2537.510000      11.210000       0.021600
   7198    2342.694800      11.420700       0.026200    2567.739700      10.935800       0.016900    2540.364000      11.209300       0.021600
   7211    2347.044400      11.425200       0.026200    2572.273700      10.987300       0.017700    2545.019500      11.153200       0.020500
   7223    2349.338600      11.468900       0.027300    2575.087200      10.945400       0.017000    2547.189700      11.191800       0.021300
   7236    2352.518800      11.419500       0.026100    2578.828100      10.942200       0.017000    2550.865500      11.253800       0.022500
   7248    2356.598400      11.520500       0.028500    2581.850300      10.939600       0.016900    2554.626500      11.202900       0.021400
   7260    2360.231900      11.487400       0.027700    2585.876200      11.006600       0.017900    2558.479500      11.217800       0.021700
   7273    2362.016800      11.457100       0.027000    2587.585400      10.946000       0.017000    2560.223100      11.213000       0.021700
   7285    2364.833000      11.417000       0.026000    2590.025400      10.943600       0.017000    2562.483900      11.233600       0.022100
   7298    2369.615000      11.511100       0.028300    2595.177500      11.027500       0.018300    2567.869900      11.243800       0.022200
   7310    2372.113300      11.419300       0.026000    2597.918900      11.012800       0.018000    2570.205300      11.286900       0.023100
   7323    2376.858400      11.492500       0.027900    2602.540500      10.976500       0.017500    2574.772700      11.284200       0.023100
   7335    2380.543700      11.515100       0.028500    2606.187000      10.996300       0.017900    2578.778800      11.280300       0.023100
   7348    2386.602100      11.433000       0.026400    2611.780500      10.958300       0.017200    2584.630900      11.245400       0.022200
   7360    2391.739300      11.520400       0.028600    2616.928000      11.002200       0.017900    2589.662800      11.294100       0.023300
   7372    2394.947000      11.395700       0.025500    2620.227800      10.978800       0.017500    2593.024400      11.247100       0.022300
   7385    2400.742400      11.387100       0.025300    2625.272500      10.953500       0.017100    2598.103000      11.220300       0.021800
   7397    2403.799800      11.468600       0.027300    2629.132300      10.974600       0.017500    2602.215100      11.243700       0.022300
   7410    2407.858400      11.420100       0.026100    2632.869100      10.998800       0.017800    2605.796400      11.225700       0.021900
   7422    2411.261000      11.446900       0.026800    2636.228800      11.008800       0.018000    2609.892300      11.312100       0.023700
   7435    2412.579100      11.522600       0.028600    2638.195800      11.056200       0.018800    2611.360400      11.258400       0.022500
   7447    2417.283900      11.484200       0.027700    2642.560500      11.040500       0.018600    2615.043200      11.297300       0.023400
   7460    2420.725800      11.464800       0.027200    2645.984400      11.038300       0.018500    2618.931400      11.215700       0.021800
   7472    2426.209700      11.429100       0.026400    2651.422900      10.991400       0.017800    2624.419900      11.265600       0.022800
   7484    2427.616500      11.385100       0.025200    2653.268100      11.007300       0.018000    2626.028100      11.208800       0.021500
   7497    2431.275600      11.448300       0.026800    2657.126700      11.005500       0.018000    2629.884800      11.261100       0.022600
   7509    2436.964600      11.510100       0.028400    2662.115000      11.038400       0.018600    2635.153800      11.216400       0.021800
   7522    2441.009500      11.395300       0.025600    2666.746300      11.039600       0.018500    2639.710900      11.211200       0.021700
   7559    2451.094200      11.503300       0.028200    2676.634800      11.008400       0.018000    2649.649200      11.294400       0.023300
   7572    2455.459000      11.485700       0.027700    2680.524400      10.990000       0.017700    2653.717300      11.283000       0.023100
   7584    2458.978500      11.468000       0.027300    2684.310100      11.029000       0.018300    2657.245100      11.260900       0.022600
   7597    2463.344700      11.430400       0.026400    2688.344200      11.067300       0.019100    2660.855000      11.330900       0.024200
   7609    2465.561800      11.508300       0.028300    2692.291000      11.014700       0.018100    2664.311800      11.243600       0.022300
   7621    2471.985800      11.459900       0.027100    2697.245600      11.002400       0.017900    2670.200000      11.240400       0.022200
   7634    2475.165300      11.520400       0.028700    2701.052500      10.995800       0.017900    2673.658900      11.327200       0.024100
   7646    2478.836200      11.468100       0.027300    2705.080800      11.047400       0.018700    2677.803500      11.312600       0.023700
   7659    2483.212400      11.492900       0.028000    2709.081800      11.030700       0.018500    2681.671400      11.298900       0.023500
   7671    2486.618700      11.505300       0.028200    2712.641400      11.025500       0.018300    2685.018600      11.305100       0.023500
   7684    2490.717000      11.371800       0.025000    2716.214100      11.041100       0.018600    2689.062500      11.318600       0.023900
   7746    2508.229700      11.483700       0.027700    2733.160900      11.031300       0.018400    2705.393800      11.356400       0.024700
   7758    2513.083000      11.538700       0.029100    2738.328100      11.081700       0.019200    2711.052500      11.356400       0.024700
   7771    2516.044700      11.588400       0.030500    2741.638200      11.059500       0.018900    2714.285200      11.363800       0.024900
   7783    2520.677700      11.488500       0.027800    2745.654500      11.049500       0.018700    2719.869900      11.321200       0.023900
