#The columns are: Time, (XCoord, Mag, Magerr)x3.
    1289    1953.127700      11.247500       0.022900    2177.140900      10.810200       0.015500    2148.564200      11.032200       0.018900
    1301    1959.769200      11.272900       0.023000    2183.695300      10.808600       0.015100    2155.237800      11.058100       0.019000
    1314    1963.357100      11.318200       0.023700    2187.617900      10.827600       0.015300    2158.748000      11.117800       0.019800
    1326    1969.933600      11.320000       0.023800    2193.537800      10.794900       0.014800    2165.254600      11.112300       0.019700
    1339    1973.867300      11.286700       0.023000    2197.685300      10.805500       0.014900    2169.462200      11.088100       0.019200
    1351    1981.454700      11.373100       0.024900    2205.323200      10.877600       0.015900    2177.120600      11.110900       0.019600
    1364    1984.151400      11.328700       0.023900    2207.945800      10.872000       0.015800    2179.402100      11.074200       0.019000
    1376    1987.765100      11.337100       0.024100    2211.654800      10.831900       0.015300    2183.072500      11.148700       0.020300
    1389    1993.962400      11.357500       0.024500    2217.920200      10.859300       0.015700    2189.227300      11.194900       0.021200
    1401    1998.642100      11.368000       0.024800    2222.197800      10.863300       0.015800    2193.996600      11.092800       0.019400
    1414    2002.881100      11.356600       0.024500    2227.092800      10.880900       0.016000    2198.482700      11.136400       0.020100
    1426    2008.832800      11.362200       0.024700    2232.647700      10.891400       0.016200    2204.215800      11.131000       0.020100
    1439    2015.505700      11.368500       0.024800    2239.356200      10.872500       0.015900    2210.981700      11.149200       0.020300
    1451    2021.152600      11.347700       0.024300    2244.861800      10.889800       0.016100    2216.795200      11.164600       0.020600
    1463    2026.844100      11.339800       0.024200    2250.852100      10.908100       0.016400    2222.451400      11.161300       0.020600
    1476    2032.133500      11.285900       0.023000    2256.126000      10.861700       0.015700    2227.480700      11.123000       0.019900
    1488    2036.272700      11.285400       0.023000    2260.194300      10.916200       0.016500    2231.723600      11.195100       0.021200
    1501    2042.467200      11.356000       0.024500    2266.098100      10.885700       0.016000    2237.519800      11.135600       0.020100
    1513    2046.492100      11.368300       0.024800    2270.829300      10.914500       0.016500    2242.085900      11.140400       0.020200
    1526    2050.962900      11.374400       0.024900    2274.639200      10.860000       0.015700    2246.533400      11.120700       0.019800
    1538    2055.617900      11.393600       0.025300    2279.754400      10.839200       0.015400    2251.480700      11.139300       0.020100
    1551    2059.076900      11.341800       0.024100    2282.765100      10.956900       0.017100    2254.173800      11.144400       0.020200
   1563    2064.896500      11.349100       0.024400    2288.511500      10.901900       0.016300    2260.177200      11.149100       0.020300
   1576    2071.505100      11.403200       0.025600    2295.746800      10.932300       0.016800    2267.494900      11.163600       0.020600
   1588    2074.952600      11.377400       0.025000    2299.088900      10.969000       0.017300    2270.731700      11.111800       0.019700
   1600    2080.521000      11.367300       0.024700    2304.594200      10.925600       0.016600    2275.785400      11.173600       0.020800
   1613    2085.641600      11.462700       0.026900    2310.106200      10.960600       0.017100    2281.311800      11.159200       0.020500
   1625    2090.890900      11.392400       0.025300    2315.096700      10.886100       0.016100    2286.801000      11.176900       0.020900
   1638    2093.371100      11.324500       0.023800    2317.479000      10.914800       0.016500    2288.803000      11.180800       0.020900
   1650    2098.784700      11.375000       0.024900    2322.924600      10.885800       0.016000    2294.368400      11.141000       0.020200
   1663    2102.281000      11.430600       0.026300    2326.974400      10.912800       0.016500    2298.294700      11.164000       0.020700
   1675    2109.219700      11.408600       0.025700    2333.389600      10.941900       0.016900    2305.103500      11.097500       0.019400
   1700    2126.217800      11.355600       0.024500    2350.234400      10.909700       0.016400    2321.870400      11.170700       0.020800
   1713    2131.246100      11.349500       0.024400    2355.397000      10.894900       0.016200    2327.226600      11.159100       0.020600
   1725    2136.136000      11.368200       0.024700    2360.284700      10.913200       0.016400    2331.930900      11.153800       0.020400
   1737    2139.894000      11.363500       0.024600    2364.185800      10.890600       0.016100    2335.657700      11.151900       0.020300
   1750    2144.124300      11.320800       0.023700    2368.209000      10.913000       0.016400    2339.794200      11.163400       0.020600
   1762    2149.243900      11.424400       0.026100    2373.635500      10.886400       0.016100    2345.371300      11.185300       0.021000
   1775    2153.717300      11.431100       0.026300    2378.082800      10.920500       0.016600    2349.854500      11.168800       0.020700
   1787    2156.603800      11.423700       0.026100    2380.595500      10.948800       0.017000    2352.054200      11.121900       0.019900
   1800    2159.724100      11.376400       0.025100    2383.997300      10.942800       0.017000    2355.450200      11.226800       0.021900
   1812    2166.449500      11.355200       0.024500    2390.740500      10.935200       0.016800    2362.504600      11.151100       0.020400
   1825    2171.104500      11.409000       0.025800    2394.879900      10.959100       0.017200    2366.817400      11.159500       0.020600
   1837    2176.196500      11.419300       0.026100    2400.166000      10.943100       0.017000    2371.940900      11.170600       0.020800
   1850    2181.747800      11.420700       0.026000    2405.981700      10.903900       0.016300    2377.701400      11.206900       0.021400
   1862    2188.168000      11.387700       0.025200    2412.215100      10.957300       0.017100    2383.799800      11.192300       0.021100
   1874    2194.425500      11.452300       0.026800    2418.980200      10.960900       0.017200    2390.417700      11.196800       0.021300
   1899    2200.559800      11.412300       0.025800    2425.401100      10.951900       0.017000    2396.627900      11.197800       0.021200
   1912    2207.432100      11.434600       0.026200    2431.770300      10.976800       0.017400    2403.192400      11.238500       0.022000
   1937    2214.777600      11.388800       0.025200    2438.783400      10.948300       0.017000    2410.331300      11.229200       0.021800
   1949    2218.429000      11.419500       0.026100    2442.708000      10.979700       0.017500    2414.055900      11.240600       0.022200
   1962    2224.418700      11.450200       0.026700    2448.976600      10.969100       0.017300    2419.769800      11.287100       0.023100
   1974    2227.505600      11.421400       0.025900    2451.847700      10.951600       0.017000    2423.250700      11.265600       0.022500
   1987    2235.591600      11.460400       0.026900    2459.881100      10.987500       0.017600    2431.412800      11.218800       0.021600
   1999    2241.132100      11.468900       0.027200    2465.702900      11.013600       0.018000    2437.035400      11.261000       0.022500
   2011    2243.798600      11.441400       0.026600    2467.951200      10.981700       0.017500    2439.176500      11.195100       0.021300
   2024    2250.589800      11.446900       0.026600    2474.466100      11.033700       0.018300    2446.540000      11.234200       0.022000
   2036    2254.858900      11.422900       0.026000    2479.583700      11.056300       0.018700    2451.330800      11.226600       0.021800
   2049    2259.545400      11.431100       0.026200    2484.148700      11.004600       0.017800    2456.070600      11.214500       0.021500
   2061    2263.166300      11.445300       0.026600    2487.778600      11.033900       0.018300    2459.147200      11.246300       0.022200
   2074    2268.853800      11.427200       0.026100    2493.362300      11.064200       0.018800    2465.235400      11.222900       0.021700
   2086    2272.663100      11.475100       0.027300    2497.525900      10.989000       0.017600    2468.945100      11.282300       0.022900
   2099    2279.794400      11.456600       0.026900    2504.275400      10.963500       0.017200    2475.778600      11.200900       0.021400
   2111    2284.720200      11.465300       0.027200    2509.404800      10.960700       0.017200    2480.981400      11.194800       0.021300
   2124    2289.993900      11.523400       0.028600    2514.182100      10.992700       0.017700    2486.040000      11.260400       0.022500
   2136    2294.832500      11.461800       0.027100    2519.231400      10.984900       0.017600    2491.030300      11.259500       0.022500
   2148    2299.365000      11.495600       0.027800    2524.056200      10.958800       0.017100    2495.573200      11.282900       0.023000
   2161    2301.086900      11.471400       0.027300    2525.935800      10.945900       0.017000    2497.890100      11.242600       0.022200
   2173    2306.971200      11.457600       0.026900    2533.666500      11.010800       0.018000    2505.179400      11.183200       0.021000
   2186    2311.819300      11.453300       0.026800    2536.743200      11.033600       0.018300    2507.724100      11.258200       0.022400
   2198    2315.382100      11.491200       0.027700    2540.120800      10.998900       0.017800    2511.590300      11.209200       0.021500
   2211    2321.219200      11.558300       0.029500    2545.890100      11.034700       0.018400    2517.534400      11.238000       0.022000
   2223    2325.882600      11.502600       0.028000    2550.545400      10.948400       0.017000    2522.427700      11.232900       0.021900
   2236    2330.799100      11.510200       0.028200    2555.220700      11.015500       0.018000    2526.961400      11.207300       0.021400
   2248    2337.904300      11.487500       0.027600    2562.317900      11.041000       0.018500    2533.776600      11.252100       0.022300
   2260    2340.970200      11.501700       0.028000    2565.454600      11.015900       0.018000    2536.821300      11.279100       0.022900
   2273    2347.377200      11.511900       0.028000    2572.199500      11.040100       0.018300    2544.426000      11.148900       0.020200
   2285    2352.192100      11.498300       0.027900    2576.754200      11.010200       0.018000    2548.681400      11.206600       0.021400
   2310    2361.772500      11.502600       0.028100    2586.569600      11.049100       0.018600    2557.983400      11.242700       0.022200
   2323    2364.046400      11.463500       0.027000    2588.927500      11.025000       0.018200    2560.685300      11.195500       0.021200
   2335    2369.801500      11.508700       0.028200    2594.312500      11.058700       0.018800    2566.140600      11.216100       0.021600
   2348    2373.730200      11.453600       0.026800    2598.124800      11.054500       0.018700    2569.516800      11.244200       0.022200
   2360    2379.288800      11.530300       0.028700    2603.771200      11.075000       0.019000    2575.472400      11.252500       0.022300
   2373    2385.914800      11.502900       0.028000    2610.246100      11.066100       0.018900    2581.856700      11.244700       0.022200
   2392    2394.314900      11.500900       0.028000    2619.117200      11.024900       0.018200    2590.607900      11.232700       0.022000
   2406    2397.162800      11.487300       0.027600    2621.765400      10.990700       0.017600    2593.275900      11.254600       0.022400
   2419    2401.438500      11.496300       0.027800    2626.404800      11.028700       0.018200    2597.655500      11.320500       0.023700
   2431    2405.978300      11.484000       0.027500    2631.012500      11.022800       0.018100    2602.016600      11.284700       0.022900
   2446    2410.326900      11.535100       0.028800    2635.531200      11.068600       0.018900    2606.699500      11.324400       0.023800
   2459    2414.682900      11.473900       0.027300    2639.667200      11.073700       0.019000    2611.078400      11.342600       0.024200
   2471    2423.132300      11.475100       0.027400    2647.540500      11.095400       0.019400    2619.147500      11.261000       0.022500
   2484    2427.003900      11.484800       0.027500    2651.381600      11.042800       0.018500    2623.222700      11.266600       0.022600
   2496    2431.974900      11.514500       0.028300    2656.366900      11.038200       0.018400    2628.385500      11.269800       0.022700
   2521    2440.502900      11.526700       0.028600    2665.409200      11.099900       0.019500    2637.013700      11.309800       0.023500
   2534    2446.987800      11.512200       0.028200    2671.974100      11.072300       0.018900    2642.394500      11.342600       0.024200
   2546    2452.097900      11.545800       0.029200    2677.019500      11.162100       0.020600    2647.929700      11.250900       0.022300
   2559    2454.208300      11.510900       0.028300    2678.854000      11.073100       0.019100    2650.948000      11.276600       0.022900
   2583    2465.210700      11.550900       0.029300    2689.887900      11.084800       0.019200    2661.316200      11.325800       0.023900
   2596    2469.955300      11.567500       0.029700    2695.016100      11.129200       0.020000    2666.527600      11.285600       0.023000
   2608    2472.409400      11.551500       0.029300    2697.691400      11.139600       0.020200    2668.728300      11.281100       0.022900
   2621    2478.968500      11.500600       0.027900    2703.397200      11.080400       0.019100    2675.327900      11.272800       0.022700
   2633    2483.579300      11.515400       0.028300    2708.360800      11.096900       0.019400    2679.973400      11.263700       0.022500
   2658    2494.632800      11.530000       0.028700    2719.325200      11.105500       0.019600    2690.555700      11.358900       0.024600
   2671    2499.268600      11.511300       0.028200    2724.287400      11.071900       0.019000    2695.722900      11.400600       0.025500
   2683    2505.186500      11.552700       0.029300    2729.790800      11.133100       0.020100    2701.713600      11.338700       0.024200
   2695    2509.879600      11.618900       0.031100    2734.786400      11.142600       0.020200    2706.541000      11.413300       0.025800
   2708    2513.529300      11.558300       0.029400    2738.202100      11.108200       0.019600    2710.384500      11.374300       0.024900
   2720    2514.984100      11.599100       0.030500    2740.016800      11.156900       0.020500    2711.040000      11.333600       0.024000
   2733    2521.852300      11.566500       0.029600    2746.712600      11.188200       0.021000    2718.225100      11.367200       0.024700
   2758    2532.437500      11.638300       0.031500    2756.816400      11.102100       0.019400    2728.510000      11.319700       0.023600
   2770    2536.013900      11.572200       0.029900    2761.429400      11.067800       0.018900    2733.218300      11.324600       0.023900
   2783    2538.684300      11.615100       0.031000    2765.659400      11.118100       0.019800    2736.731900      11.391100       0.025300
   2795    2546.239000      11.688500       0.032300    2770.918500      11.091300       0.018800    2742.367200      11.362700       0.024100
   2808    2550.661400      11.599400       0.029700    2775.503200      11.179700       0.020400    2747.011700      11.406100       0.025000
   2821    2555.449500      11.555400       0.029400    2779.841100      11.237100       0.022000    2752.116700      11.422400       0.026100
   2834    2560.101300      11.558400       0.029400    2784.764200      11.162400       0.020600    2755.709700      11.391700       0.025300
   2846    2564.477500      11.626600       0.031300    2789.634000      11.153500       0.020400    2761.356200      11.350000       0.024300
   2871    2574.024400      11.555000       0.029400    2798.625500      11.221000       0.021700    2769.987300      11.341700       0.024200
   2884    2577.811300      11.570000       0.029800    2802.600600      11.172500       0.020800    2774.051500      11.372200       0.024900
   2908    2589.009800      11.673100       0.032600    2814.546600      11.219800       0.021600    2785.733200      11.375000       0.024900
   2922    2592.753700      11.679200       0.032900    2818.182900      11.163000       0.020600    2789.606700      11.409000       0.025700
   2934    2598.202400      11.598700       0.030600    2823.367700      11.114700       0.019700    2795.103500      11.426000       0.026100
   2959    2605.559300      11.598600       0.030500    2829.943100      11.188800       0.021000    2802.193800      11.476300       0.027300
   2971    2610.470700      11.510100       0.028100    2834.894300      11.229600       0.021800    2806.801800      11.476700       0.027300
   3077    2664.656700      11.504200       0.027800    2889.703600      11.247100       0.022000    2861.186300      11.462600       0.026700
   3097    2670.567400      11.603000       0.030900    2894.847900      11.156600       0.020600    2866.708000      11.483400       0.027700
   3110    2675.221900      11.545700       0.029200    2899.379900      11.172300       0.020800    2871.707800      11.538000       0.028900
